0 0.084854 0.770733 0.065684 0.143050
0 0.149600 0.761701 0.108223 0.177771
0 0.223604 0.611012 0.147090 0.223607
0 0.142207 0.549208 0.121172 0.133314
0 0.354033 0.751979 0.121191 0.180557
0 0.449766 0.726290 0.086953 0.170821
0 0.549209 0.789487 0.102676 0.150000
0 0.565859 0.658240 0.113789 0.173607
0 0.503887 0.270733 0.126719 0.190264
0 0.633848 0.324897 0.116563 0.204164
0 0.654199 0.545733 0.114688 0.168065
0 0.719883 0.540865 0.072148 0.166657
0 0.790645 0.744340 0.098984 0.156950
0 0.893779 0.533240 0.123965 0.190293
0 0.967246 0.627683 0.065508 0.159707
0 0.970938 0.849208 0.058125 0.169443
0 0.760117 0.324208 0.093438 0.133343
