0 0.398993 0.855287 0.123368 0.196755
0 0.358221 0.422020 0.086971 0.126380
0 0.184735 0.722726 0.074941 0.088896
0 0.255515 0.656060 0.057353 0.080552
0 0.244029 0.719525 0.047588 0.053576
0 0.240926 0.881909 0.135706 0.212958
0 0.282176 0.764437 0.099471 0.135408
0 0.365066 0.724503 0.080191 0.101854
0 0.465684 0.722770 0.097926 0.146998
0 0.583654 0.757494 0.102544 0.149294
0 0.504625 0.879592 0.140338 0.224525
0 0.620272 0.903344 0.123368 0.193311
0 0.740176 0.876126 0.165765 0.229161
0 0.703934 0.729713 0.097926 0.089139
0 0.846963 0.938057 0.114103 0.123885
0 0.307618 0.935751 0.096382 0.128499
0 0.377404 0.964680 0.095603 0.070640
