0 0.034505 0.622222 0.069010 0.159722
0 0.136286 0.586340 0.098094 0.136569
0 0.061849 0.420833 0.123698 0.185194
0 0.349391 0.471764 0.269094 0.347222
0 0.270401 0.380326 0.189240 0.254625
0 0.589411 0.595604 0.264760 0.356486
0 0.754062 0.257035 0.032229 0.040736
0 0.748620 0.299181 0.029719 0.035722
0 0.816021 0.267076 0.025542 0.031819
0 0.848885 0.276007 0.025958 0.032931
0 0.825229 0.313965 0.026375 0.032931
0 0.839255 0.332660 0.020094 0.026792
0 0.854740 0.309778 0.018417 0.030139
0 0.758880 0.372569 0.020927 0.024000
0 0.801365 0.393785 0.022188 0.035153
0 0.816208 0.399924 0.018458 0.030708
0 0.799292 0.543486 0.026625 0.040861
0 0.824411 0.541813 0.025615 0.033486
0 0.871380 0.569271 0.028135 0.034819
0 0.899510 0.640604 0.024104 0.036847
0 0.849526 0.680125 0.025615 0.030139
0 0.709375 0.700215 0.021604 0.031486
0 0.976115 0.782604 0.026625 0.039514
0 0.991448 0.751125 0.017104 0.040861
0 0.738255 0.924264 0.025115 0.040194
0 0.857563 0.940340 0.021604 0.032153
0 0.940453 0.984569 0.024615 0.030861
0 0.829589 0.886757 0.029135 0.022097
0 0.680990 0.846569 0.023104 0.034833
