0 0.062500 0.788189 0.125000 0.262511
0 0.346875 0.573611 0.193750 0.230556
0 0.500525 0.484722 0.213550 0.275000
0 0.655208 0.474311 0.143750 0.218044
0 0.659375 0.262511 0.168750 0.227778
0 0.756775 0.738189 0.176050 0.215267
0 0.407292 0.779178 0.106250 0.150000
0 0.526050 0.746522 0.104167 0.134733
0 0.431250 0.193756 0.066667 0.087511
0 0.486892 0.856789 0.053050 0.061089
0 0.561033 0.916278 0.044600 0.062689
0 0.746700 0.873667 0.036167 0.048222
0 0.841342 0.927933 0.032550 0.037778
0 0.772317 0.968111 0.044000 0.047422
0 0.611067 0.779233 0.041000 0.081178
0 0.600683 0.647422 0.034033 0.047422
0 0.159025 0.828856 0.103483 0.126600
0 0.297333 0.890944 0.041233 0.069444
0 0.384142 0.914100 0.058583 0.096467
0 0.706050 0.952200 0.028200 0.037600
0 0.665183 0.971978 0.028933 0.038578
