0 0.519560 0.879417 0.239040 0.241167
0 0.056100 0.181250 0.112200 0.131944
0 0.125700 0.081944 0.131000 0.130556
0 0.100700 0.426389 0.185000 0.219444
0 0.152700 0.611806 0.139000 0.193056
0 0.320200 0.598611 0.222000 0.300000
0 0.412700 0.816667 0.197000 0.250000
0 0.641960 0.844833 0.144000 0.196000
0 0.492200 0.691833 0.141120 0.190000
0 0.652040 0.632833 0.192960 0.264000
0 0.805360 0.521556 0.181200 0.256667
0 0.495160 0.476556 0.172800 0.240000
0 0.265960 0.359889 0.146400 0.213333
0 0.418360 0.306556 0.172800 0.240000
0 0.622360 0.346556 0.180000 0.256667
0 0.481360 0.115722 0.159600 0.215000
0 0.669760 0.097444 0.142800 0.194889
0 0.717160 0.209056 0.127200 0.161667
0 0.563560 0.058278 0.100800 0.116556
