0 0.254966 0.926175 0.307500 0.147650
0 0.404214 0.833352 0.294003 0.277996
0 0.710212 0.833361 0.312008 0.310000
0 0.927111 0.796357 0.145779 0.275993
0 0.865464 0.634353 0.256503 0.284007
0 0.607466 0.580346 0.265505 0.300000
0 0.343463 0.557350 0.280505 0.305993
0 0.150355 0.715346 0.300710 0.350000
0 0.091107 0.496348 0.182213 0.272004
0 0.216714 0.376348 0.249003 0.292004
0 0.473210 0.363361 0.228005 0.250000
0 0.710212 0.426348 0.249003 0.232004
0 0.930109 0.445355 0.139781 0.266011
0 0.956359 0.253352 0.087281 0.146011
0 0.794214 0.290355 0.219003 0.247996
0 0.572958 0.231357 0.217500 0.214007
0 0.350963 0.206357 0.214495 0.175993
0 0.128969 0.211357 0.217500 0.174007
0 0.092609 0.109353 0.185219 0.170000
0 0.271462 0.120355 0.151503 0.167996
0 0.442466 0.082177 0.214495 0.164353
0 0.599959 0.070173 0.151503 0.140346
0 0.738709 0.138342 0.200997 0.180000
0 0.758962 0.054180 0.166503 0.108361
0 0.928607 0.138361 0.142787 0.160000
