0 0.817451 0.911979 0.290371 0.176041
0 0.928037 0.775968 0.143926 0.424018
0 0.417832 0.740968 0.346328 0.505982
0 0.164717 0.822991 0.234512 0.354018
0 0.048408 0.774971 0.096816 0.310000
0 0.085703 0.524971 0.171406 0.277977
0 0.287305 0.519971 0.223789 0.260000
0 0.657598 0.656965 0.226445 0.366012
0 0.587012 0.921979 0.173164 0.156041
0 0.852080 0.654971 0.170488 0.286012
0 0.844756 0.345968 0.187832 0.268006
0 0.681582 0.385029 0.218437 0.273871
0 0.503086 0.460968 0.197148 0.234018
0 0.391865 0.341965 0.195801 0.283988
0 0.178740 0.280982 0.251738 0.330000
0 0.327930 0.133959 0.142539 0.180000
0 0.519746 0.093988 0.161172 0.187977
0 0.812783 0.141965 0.179824 0.196012
0 0.954678 0.189971 0.090645 0.232023
