0 0.079653 0.068187 0.159306 0.136375
0 0.074986 0.262375 0.149972 0.232000
0 0.070319 0.512375 0.140639 0.336000
0 0.119653 0.827188 0.239306 0.345625
0 0.226639 0.532375 0.249333 0.396000
0 0.399972 0.760375 0.222667 0.332000
0 0.297306 0.936188 0.217333 0.127625
0 0.570639 0.883188 0.233333 0.233625
0 0.909653 0.839187 0.180694 0.321625
0 0.644639 0.629375 0.234667 0.350000
0 0.783306 0.764375 0.184000 0.308000
0 0.481306 0.465375 0.252000 0.374000
0 0.750639 0.465375 0.220000 0.318000
0 0.902986 0.343375 0.194028 0.282000
0 0.917653 0.578375 0.164694 0.236000
0 0.641972 0.220375 0.245333 0.336000
0 0.405306 0.105188 0.204000 0.210375
0 0.185972 0.187375 0.229333 0.342000
0 0.326639 0.377375 0.172000 0.234000
0 0.787306 0.104188 0.205333 0.208375
0 0.911653 0.135375 0.176694 0.226000
0 0.471972 0.262375 0.164000 0.156000
0 0.367306 0.220375 0.093333 0.132000
