0 0.092573 0.929704 0.185146 0.140593
0 0.487958 0.862204 0.350625 0.275593
0 0.745771 0.781074 0.258750 0.243333
0 0.939448 0.737741 0.121104 0.243333
0 0.891635 0.912222 0.216729 0.175556
0 0.694208 0.950537 0.181875 0.098926
0 0.144833 0.774407 0.238125 0.206667
0 0.337958 0.727741 0.230625 0.250000
0 0.545146 0.622741 0.285000 0.236667
0 0.834833 0.569407 0.305625 0.273333
0 0.369833 0.444407 0.320625 0.273333
0 0.152333 0.379407 0.275625 0.236667
0 0.202958 0.578574 0.260625 0.195000
0 0.603271 0.392741 0.240000 0.216667
0 0.816083 0.326907 0.230625 0.188333
0 0.855729 0.138241 0.288542 0.265000
0 0.607958 0.185241 0.245625 0.208333
0 0.614521 0.048037 0.247500 0.096074
0 0.073823 0.051370 0.147646 0.102741
0 0.068198 0.213574 0.136396 0.188333
0 0.158875 0.157741 0.180042 0.153333
0 0.283583 0.072204 0.219375 0.144407
0 0.466396 0.091370 0.153750 0.182741
0 0.344521 0.213574 0.165000 0.125000
0 0.431708 0.270259 0.200625 0.158296
0 0.059958 0.640852 0.119917 0.213796
