0 0.151137 0.616847 0.228239 0.403998
0 0.240520 0.268850 0.197878 0.363998
0 0.109536 0.286847 0.147288 0.308005
0 0.112459 0.052023 0.145712 0.104046
0 0.293926 0.055024 0.179446 0.110048
0 0.519917 0.068225 0.194284 0.136450
0 0.904995 0.099423 0.190009 0.198846
0 0.758047 0.079022 0.130869 0.158045
0 0.615032 0.101823 0.152459 0.203646
0 0.694635 0.251647 0.198333 0.355200
0 0.910392 0.344046 0.179216 0.420000
0 0.869356 0.659647 0.191586 0.350401
0 0.888243 0.904223 0.164604 0.191554
0 0.722295 0.862224 0.188887 0.275553
0 0.540153 0.887424 0.221270 0.225152
0 0.362734 0.886226 0.190234 0.227548
0 0.042428 0.884391 0.084856 0.231218
0 0.167306 0.876058 0.185514 0.247885
0 0.354694 0.535449 0.200505 0.340000
0 0.406414 0.200449 0.177081 0.340000
0 0.489613 0.394615 0.187387 0.321667
0 0.617973 0.572612 0.229550 0.411667
0 0.514486 0.694607 0.204414 0.292244
0 0.728279 0.611238 0.106054 0.274303
