0 0.313267 0.590067 0.394000 0.382000
0 0.327267 0.890533 0.334000 0.218933
0 0.655267 0.932533 0.338000 0.134933
0 0.911133 0.840533 0.177733 0.318933
0 0.679267 0.696067 0.362000 0.346000
0 0.536267 0.427067 0.336000 0.292000
0 0.837133 0.436067 0.325733 0.282000
0 0.112133 0.707067 0.224267 0.284000
0 0.149133 0.407067 0.298267 0.320000
0 0.156267 0.230067 0.284000 0.214000
0 0.420267 0.242067 0.256000 0.294000
0 0.571300 0.141533 0.218067 0.283067
0 0.124133 0.115067 0.248267 0.140000
0 0.270267 0.082533 0.116000 0.165067
0 0.427267 0.066533 0.202000 0.133067
0 0.941133 0.582067 0.117733 0.198000
