0 0.110464 0.852143 0.210000 0.270000
0 0.315804 0.864482 0.231679 0.271036
0 0.565821 0.863661 0.265000 0.272679
0 0.846661 0.880321 0.306679 0.239357
0 0.934161 0.569821 0.131679 0.395000
0 0.684982 0.579804 0.296679 0.338321
0 0.437464 0.587321 0.235000 0.290000
0 0.212464 0.592304 0.215000 0.266679
0 0.066661 0.588143 0.133321 0.258357
0 0.122482 0.343964 0.211679 0.270000
0 0.323321 0.304018 0.220000 0.306607
0 0.547482 0.279821 0.258321 0.345000
0 0.845232 0.233804 0.309536 0.373321
0 0.074161 0.127304 0.148321 0.246679
0 0.231643 0.098661 0.200000 0.197321
0 0.437482 0.091161 0.231679 0.182321
0 0.684964 0.063661 0.210000 0.127321
