0 0.804143 0.329828 0.124078 0.187500
0 0.298125 0.222187 0.130552 0.208328
0 0.192570 0.339551 0.121297 0.193055
0 0.296734 0.440930 0.125927 0.190297
0 0.397201 0.327742 0.128703 0.177781
0 0.504607 0.218715 0.126849 0.215273
0 0.599977 0.330523 0.132411 0.186109
0 0.701828 0.220801 0.130552 0.191664
0 0.704143 0.454840 0.135182 0.198586
0 0.805070 0.566633 0.138891 0.202781
0 0.702292 0.681215 0.138885 0.193055
0 0.803589 0.796473 0.131948 0.194445
0 0.595333 0.793578 0.124229 0.190969
0 0.596875 0.564988 0.127313 0.189820
0 0.492323 0.440566 0.126542 0.174773
0 0.496141 0.679574 0.131094 0.196758
0 0.393518 0.793578 0.134182 0.200234
0 0.298609 0.682465 0.132792 0.190977
0 0.394292 0.560937 0.129552 0.209484
0 0.200232 0.562672 0.119526 0.187500
0 0.198339 0.792422 0.125010 0.186344
