0 0.089367 0.143272 0.178733 0.286545
0 0.258254 0.162564 0.186808 0.325127
0 0.436229 0.253981 0.217108 0.426911
0 0.622408 0.128798 0.190600 0.257596
0 0.804171 0.266035 0.215842 0.417261
0 0.957308 0.263623 0.085383 0.369029
0 0.897354 0.084180 0.205292 0.168360
0 0.949104 0.627826 0.101792 0.402787
0 0.905558 0.900135 0.188883 0.199729
0 0.796596 0.672444 0.238558 0.429315
0 0.622408 0.443312 0.203217 0.376274
0 0.604737 0.830191 0.195642 0.339618
0 0.460212 0.633846 0.196908 0.385908
0 0.357337 0.882046 0.230992 0.235908
0 0.182517 0.815947 0.194383 0.330430
0 0.048346 0.841043 0.096692 0.317914
0 0.091875 0.487938 0.183750 0.412436
0 0.286654 0.508432 0.198175 0.376258
