0 0.117744 0.541044 0.192711 0.209763
0 0.318789 0.300044 0.165622 0.186104
0 0.484933 0.308378 0.168756 0.219452
0 0.831283 0.317407 0.148967 0.198607
0 0.667744 0.318793 0.176044 0.237496
0 0.628678 0.147963 0.143756 0.190267
0 0.480244 0.133378 0.132289 0.169452
0 0.337533 0.133385 0.155200 0.205556
0 0.182322 0.123659 0.148956 0.208326
0 0.133889 0.302133 0.191667 0.229156
0 0.316183 0.519489 0.204167 0.261111
0 0.510450 0.526437 0.186456 0.247215
0 0.696389 0.536163 0.179178 0.244444
0 0.865661 0.547274 0.161456 0.211111
0 0.861494 0.799348 0.188544 0.234726
0 0.689094 0.792407 0.168744 0.226385
0 0.504722 0.777126 0.195844 0.254163
0 0.306283 0.769489 0.203122 0.261111
0 0.106528 0.777133 0.213056 0.262504
