0 0.270025 0.163733 0.189617 0.149400
0 0.864542 0.845900 0.270917 0.308200
0 0.458433 0.937817 0.347233 0.124367
0 0.551200 0.747117 0.318300 0.297867
0 0.797158 0.563292 0.337017 0.304683
0 0.148367 0.753075 0.296733 0.330217
0 0.378442 0.570950 0.340417 0.347233
0 0.741842 0.276475 0.314883 0.279150
0 0.848225 0.459467 0.296183 0.236600
0 0.478867 0.384567 0.326800 0.233200
0 0.092200 0.538608 0.184400 0.166817
0 0.059858 0.211800 0.119717 0.282567
0 0.163967 0.318183 0.207667 0.216167
0 0.380992 0.283292 0.274050 0.255317
0 0.725675 0.103333 0.282550 0.206667
0 0.485675 0.132283 0.265517 0.264567
0 0.120283 0.093983 0.240567 0.187967
0 0.911842 0.076592 0.176317 0.153183
