0 0.805438 0.197538 0.146325 0.210385
0 0.144669 0.192429 0.184437 0.208342
0 0.076525 0.439590 0.153050 0.241022
0 0.175919 0.599925 0.149388 0.198141
0 0.296337 0.379322 0.259125 0.312513
0 0.387788 0.125838 0.195100 0.251675
0 0.576038 0.302730 0.199675 0.277789
0 0.687306 0.110519 0.202738 0.221039
0 0.923294 0.316013 0.153413 0.222647
0 0.807725 0.492697 0.245400 0.347236
0 0.526500 0.630570 0.240825 0.345193
0 0.803150 0.794983 0.236250 0.249196
0 0.565362 0.893409 0.233225 0.213183
0 0.340544 0.751072 0.176813 0.288007
