0 0.284953 0.662525 0.309250 0.431050
0 0.166391 0.903312 0.332781 0.193375
0 0.494578 0.890563 0.314031 0.218875
0 0.795859 0.888013 0.310844 0.223975
0 0.868836 0.659975 0.262328 0.415750
0 0.586234 0.640850 0.312438 0.474400
0 0.045234 0.495463 0.090469 0.402975
0 0.161414 0.422775 0.259828 0.425950
0 0.439578 0.392163 0.267812 0.374925
0 0.705000 0.392163 0.263031 0.374925
0 0.916664 0.393425 0.166672 0.239750
0 0.937383 0.156238 0.125234 0.280575
0 0.764773 0.169937 0.216797 0.339875
0 0.549570 0.149537 0.229547 0.299075
0 0.322414 0.197038 0.234328 0.321375
0 0.079508 0.088325 0.159016 0.176650
