0 0.723075 0.374987 0.228050 0.335513
0 0.128792 0.752551 0.257583 0.400231
0 0.106092 0.274833 0.212183 0.327000
0 0.291900 0.895692 0.200367 0.208615
0 0.524367 0.895692 0.171600 0.208615
0 0.677133 0.859936 0.182667 0.280128
0 0.822708 0.730987 0.197050 0.328795
0 0.946167 0.858231 0.107667 0.283538
0 0.445217 0.682385 0.205900 0.316769
0 0.608492 0.621077 0.176017 0.265692
0 0.504442 0.384346 0.218083 0.309974
0 0.270308 0.509526 0.234683 0.345718
0 0.094300 0.501013 0.179333 0.209462
0 0.387650 0.878667 0.110700 0.242667
0 0.237767 0.128397 0.194833 0.256795
0 0.425367 0.133103 0.205900 0.266205
0 0.683225 0.130859 0.181550 0.261718
0 0.924633 0.188500 0.150733 0.309974
0 0.926300 0.469487 0.147400 0.258974
0 0.816425 0.531308 0.192183 0.215179
0 0.548817 0.130897 0.107967 0.248359
0 0.306775 0.320577 0.180017 0.205000
