0 0.853200 0.514750 0.153200 0.140433
0 0.725533 0.434600 0.147533 0.147533
0 0.571633 0.422567 0.154600 0.148933
0 0.422683 0.436017 0.146100 0.150367
0 0.275883 0.431050 0.156033 0.151767
0 0.277317 0.584250 0.156033 0.151767
0 0.426250 0.580000 0.147500 0.151800
0 0.574467 0.575750 0.154600 0.151767
0 0.729783 0.586383 0.147500 0.147500
0 0.854600 0.721833 0.147533 0.154600
0 0.651067 0.721133 0.154600 0.144667
0 0.339717 0.719017 0.156033 0.151767
0 0.495733 0.715467 0.164533 0.147533
0 0.155383 0.711217 0.170100 0.158900
0 0.143950 0.509783 0.170100 0.158900
0 0.151050 0.348083 0.170100 0.158900
0 0.278700 0.284250 0.170067 0.158900
0 0.429633 0.289283 0.145933 0.146300
0 0.575150 0.286200 0.138967 0.142933
0 0.725483 0.278567 0.161633 0.158867
0 0.856033 0.367233 0.153200 0.151800
