0 0.659933 0.087711 0.189111 0.175422
0 0.258689 0.851311 0.211333 0.212756
0 0.477844 0.855622 0.211333 0.212756
0 0.706800 0.855578 0.221067 0.218533
0 0.779267 0.632911 0.218444 0.212756
0 0.565778 0.634333 0.211378 0.212756
0 0.341667 0.628644 0.211333 0.212756
0 0.277844 0.436489 0.202800 0.202756
0 0.479222 0.431489 0.197111 0.201378
0 0.689089 0.436444 0.196933 0.200000
0 0.741422 0.246911 0.191378 0.192667
0 0.547578 0.242778 0.198711 0.200933
0 0.351956 0.254022 0.197244 0.187956
0 0.290556 0.089711 0.180844 0.171422
0 0.474822 0.091489 0.176133 0.177289
