0 0.638833 0.491214 0.111200 0.137136
0 0.719508 0.852439 0.204550 0.268325
0 0.868450 0.785655 0.158267 0.250583
0 0.180650 0.515437 0.152600 0.199757
0 0.280075 0.400789 0.119317 0.204490
0 0.382342 0.423240 0.142050 0.213956
0 0.582825 0.595231 0.158283 0.226966
0 0.678192 0.628325 0.099017 0.189126
0 0.752467 0.503034 0.133933 0.193835
0 0.429425 0.607646 0.129050 0.145388
0 0.517083 0.488847 0.146900 0.205655
0 0.459450 0.349951 0.125800 0.152476
0 0.464325 0.277269 0.127417 0.122937
0 0.576742 0.370643 0.112017 0.134733
