0 0.218960 0.123844 0.180663 0.234911
0 0.045715 0.920339 0.091431 0.159322
0 0.179108 0.894833 0.159410 0.210333
0 0.357780 0.904400 0.189962 0.191200
0 0.547078 0.878894 0.164726 0.242211
0 0.651358 0.779042 0.187306 0.297561
0 0.731727 0.912900 0.183323 0.174200
0 0.909701 0.870392 0.180597 0.259217
0 0.889809 0.649397 0.183319 0.301794
0 0.760288 0.671706 0.144799 0.320944
0 0.597557 0.626008 0.185976 0.280561
0 0.438812 0.687644 0.160736 0.284811
0 0.265453 0.691897 0.193948 0.310317
0 0.129292 0.549492 0.200590 0.301817
0 0.102059 0.261492 0.191292 0.295439
0 0.242207 0.389019 0.171365 0.282683
0 0.397632 0.411336 0.155424 0.276306
0 0.531800 0.370953 0.189962 0.314572
0 0.707816 0.375203 0.180667 0.331572
0 0.880509 0.382644 0.162066 0.269933
0 0.398960 0.124900 0.187309 0.249800
0 0.587595 0.129153 0.184649 0.258306
0 0.795491 0.135528 0.228490 0.271056
