0 0.941536 0.462313 0.116927 0.178719
0 0.804208 0.470824 0.155458 0.192336
0 0.642508 0.484441 0.152057 0.205961
0 0.481940 0.485293 0.155464 0.207664
0 0.325911 0.481891 0.152052 0.217875
0 0.158534 0.483590 0.171349 0.234898
0 0.369599 0.331254 0.164542 0.226383
0 0.703784 0.189121 0.145245 0.197445
0 0.826904 0.322738 0.153193 0.192336
0 0.678831 0.316781 0.140682 0.194047
0 0.526195 0.326145 0.146380 0.216164
0 0.345771 0.942645 0.178156 0.114711
0 0.396266 0.826570 0.174750 0.274047
0 0.572721 0.819758 0.171349 0.216172
0 0.224352 0.837633 0.169078 0.265531
0 0.107471 0.653801 0.169078 0.248508
0 0.279388 0.652102 0.167943 0.241703
0 0.447896 0.641039 0.155458 0.240000
0 0.610734 0.644441 0.163406 0.243398
0 0.555701 0.194230 0.148651 0.200852
0 0.771875 0.630824 0.158854 0.243398
