0 0.769959 0.945575 0.204247 0.108849
0 0.954767 0.881795 0.090466 0.199151
0 0.907110 0.554137 0.185781 0.238301
0 0.710397 0.506479 0.231479 0.248521
0 0.495918 0.492000 0.207671 0.209370
0 0.354644 0.697973 0.224685 0.236603
0 0.149534 0.598397 0.274027 0.258712
0 0.294233 0.423068 0.226384 0.214466
0 0.092192 0.447753 0.184384 0.188932
0 0.203151 0.272438 0.238301 0.212767
0 0.790397 0.300521 0.221288 0.204274
0 0.881575 0.114986 0.236849 0.217863
0 0.709534 0.100041 0.188932 0.200082
0 0.533370 0.049836 0.180438 0.099671
0 0.333370 0.106000 0.219562 0.212000
0 0.484849 0.206055 0.212767 0.216164
0 0.597205 0.325205 0.165096 0.141260
0 0.406562 0.335411 0.178712 0.120849
0 0.142726 0.067712 0.199151 0.135425
0 0.944507 0.707274 0.110986 0.146932
0 0.568712 0.677945 0.203890 0.183233
0 0.066685 0.806904 0.133370 0.222959
0 0.109548 0.958342 0.200849 0.083315
0 0.313795 0.899616 0.217890 0.200767
0 0.537630 0.885151 0.260411 0.229699
0 0.746973 0.803507 0.226384 0.212767
