0 0.385340 0.545815 0.097400 0.170210
0 0.382507 0.739430 0.154133 0.217020
0 0.270450 0.777730 0.138060 0.188660
0 0.632623 0.213900 0.141847 0.187240
0 0.583923 0.320990 0.095513 0.185820
0 0.678487 0.374185 0.121987 0.187230
0 0.752247 0.270635 0.112533 0.119150
0 0.882270 0.249360 0.147513 0.201420
0 0.803310 0.375600 0.137113 0.201420
0 0.930023 0.426670 0.125767 0.161700
0 0.696453 0.550780 0.137120 0.202840
0 0.858627 0.553620 0.155080 0.202840
0 0.123407 0.540140 0.146573 0.198580
0 0.122460 0.727375 0.148467 0.207090
0 0.234030 0.900430 0.146593 0.127660
0 0.261937 0.450780 0.139953 0.201420
0 0.225060 0.633760 0.105907 0.207100
0 0.330497 0.591205 0.139007 0.192910
