0 0.302217 0.541919 0.098233 0.168933
0 0.891708 0.704333 0.216583 0.418207
0 0.706888 0.673993 0.175275 0.334563
0 0.577738 0.454230 0.171592 0.324726
0 0.716571 0.450126 0.117158 0.221407
0 0.550521 0.304985 0.117158 0.206652
0 0.106796 0.651030 0.083942 0.134474
0 0.074046 0.507533 0.083025 0.142681
0 0.051908 0.441111 0.094100 0.164000
0 0.146925 0.462430 0.071950 0.127911
0 0.331425 0.397652 0.110700 0.211570
0 0.253475 0.382067 0.091333 0.183689
0 0.216113 0.258244 0.101475 0.155807
0 0.362796 0.140170 0.138375 0.221407
0 0.465254 0.195415 0.064058 0.165141
0 0.390304 0.587948 0.093958 0.156607
0 0.264471 0.779607 0.108908 0.190207
0 0.376171 0.475237 0.064358 0.088341
0 0.204229 0.530096 0.078158 0.130178
