0 0.104933 0.775100 0.209867 0.311472
0 0.151067 0.902441 0.228444 0.195117
0 0.544633 0.732542 0.205844 0.297860
0 0.748778 0.634682 0.227333 0.323411
0 0.895600 0.450836 0.208800 0.394916
0 0.568389 0.457642 0.253356 0.299565
0 0.054044 0.524866 0.108089 0.287659
0 0.188944 0.526589 0.168511 0.229766
0 0.344456 0.530853 0.246556 0.204247
0 0.118267 0.330836 0.217156 0.243411
0 0.260200 0.170836 0.209244 0.311505
0 0.119511 0.114615 0.165111 0.229231
0 0.550856 0.186171 0.234111 0.291070
0 0.419100 0.371689 0.208111 0.229799
0 0.797411 0.341054 0.191133 0.291070
0 0.800811 0.119883 0.236378 0.239766
0 0.332022 0.733395 0.273689 0.388060
