0 0.945983 0.594800 0.108033 0.195033
0 0.482975 0.695275 0.073283 0.081550
0 0.401425 0.632625 0.075650 0.079183
0 0.285583 0.765017 0.061467 0.074467
0 0.257208 0.676958 0.080383 0.075650
0 0.031442 0.973225 0.059117 0.053550
0 0.102950 0.928133 0.102833 0.100467
0 0.144917 0.595392 0.132400 0.127650
0 0.698117 0.567017 0.089833 0.085100
0 0.650242 0.775058 0.088650 0.101650
0 0.826950 0.872575 0.108733 0.112283
0 0.393433 0.139400 0.269900 0.264000
0 0.848042 0.365467 0.103417 0.101467
0 0.887450 0.243392 0.142900 0.194050
0 0.706642 0.215817 0.292083 0.334967
0 0.502575 0.488200 0.143817 0.183200
0 0.343500 0.462592 0.235433 0.258083
0 0.396200 0.754650 0.151700 0.164500
