0 0.499648 0.675453 0.255820 0.353360
0 0.942437 0.128873 0.115127 0.257747
0 0.752476 0.107427 0.252822 0.214853
0 0.513115 0.109467 0.231875 0.218933
0 0.264775 0.099260 0.198965 0.198520
0 0.072920 0.103340 0.145840 0.206680
0 0.144351 0.344553 0.260303 0.337027
0 0.064692 0.664220 0.129385 0.330893
0 0.111816 0.907680 0.223633 0.184640
0 0.341821 0.905640 0.251338 0.188720
0 0.620830 0.920960 0.270781 0.158080
0 0.877393 0.930153 0.239355 0.139693
0 0.867671 0.351707 0.234873 0.326800
0 0.615591 0.355787 0.242354 0.339067
0 0.921636 0.697733 0.156729 0.324827
0 0.253560 0.649913 0.245342 0.351320
