0 0.564092 0.243145 0.135817 0.221576
0 0.650579 0.409013 0.120442 0.222803
0 0.622387 0.640374 0.129408 0.247277
0 0.747312 0.535717 0.128125 0.255860
0 0.722008 0.773814 0.119800 0.230143
0 0.857504 0.689347 0.128125 0.242389
0 0.937400 0.866234 0.125200 0.258296
0 0.817462 0.908328 0.144142 0.183344
0 0.148479 0.703105 0.130692 0.235032
0 0.337975 0.921330 0.126850 0.157341
0 0.599971 0.865008 0.108908 0.221576
0 0.499071 0.734658 0.127492 0.244793
0 0.392404 0.577333 0.137092 0.250939
0 0.415788 0.338018 0.130042 0.247277
0 0.526938 0.474514 0.137092 0.255844
