0 0.661300 0.490336 0.222636 0.220600
0 0.314064 0.558755 0.173618 0.238964
0 0.542827 0.270755 0.218564 0.243073
0 0.719509 0.077673 0.298218 0.155345
0 0.439673 0.079718 0.265527 0.159436
0 0.194564 0.120627 0.228764 0.200164
0 0.107500 0.301391 0.215000 0.243073
0 0.099327 0.528118 0.198655 0.259400
0 0.327336 0.276882 0.290055 0.279836
0 0.757291 0.259527 0.296182 0.298218
0 0.897536 0.478073 0.204927 0.314545
0 0.817545 0.755864 0.310473 0.306382
0 0.526482 0.855464 0.304345 0.289073
0 0.508100 0.563855 0.316600 0.334982
0 0.208864 0.783436 0.330891 0.337018
