1 0.066945 0.846776 0.133891 0.306448
1 0.820636 0.843852 0.228691 0.312295
1 0.669927 0.659508 0.239273 0.331366
1 0.577855 0.363388 0.219345 0.313770
1 0.294600 0.385437 0.225200 0.326066
1 0.179655 0.645410 0.227527 0.292568
1 0.436509 0.630410 0.236945 0.336667
1 0.315109 0.859699 0.226364 0.280601
1 0.550273 0.867650 0.243964 0.264699
1 0.934073 0.645383 0.131855 0.327814
1 0.834127 0.428607 0.251018 0.334918
1 0.925273 0.167596 0.149455 0.335191
1 0.733836 0.151721 0.224036 0.303443
1 0.437091 0.149973 0.221673 0.299945
1 0.133909 0.175519 0.236909 0.351038
1 0.071055 0.442705 0.142109 0.338415
