1 0.120792 0.463144 0.241583 0.327835
1 0.141255 0.773351 0.282510 0.327835
1 0.537278 0.738093 0.293089 0.380722
1 0.878224 0.360928 0.243552 0.405361
1 0.897375 0.740747 0.205251 0.350773
1 0.710907 0.575077 0.199344 0.319021
1 0.530039 0.407629 0.215212 0.262577
1 0.334653 0.590052 0.212548 0.285567
1 0.352471 0.851804 0.179537 0.199175
1 0.730058 0.838582 0.158417 0.190361
1 0.807934 0.107320 0.248224 0.214639
1 0.505618 0.130928 0.182201 0.178041
1 0.335290 0.052680 0.203320 0.105361
1 0.087780 0.085284 0.175560 0.170567
1 0.338610 0.256933 0.220463 0.334897
1 0.629054 0.232242 0.199344 0.260876
