1 0.059630 0.107288 0.119261 0.193898
1 0.242306 0.070395 0.105458 0.140791
1 0.178028 0.166328 0.108732 0.163955
1 0.867887 0.088023 0.106549 0.176045
1 0.338415 0.272966 0.126338 0.165706
1 0.393327 0.386638 0.104331 0.114520
1 0.760775 0.066864 0.131831 0.133729
1 0.456496 0.460650 0.114261 0.160395
1 0.215370 0.311751 0.113134 0.158644
1 0.187359 0.547910 0.125211 0.218531
1 0.831074 0.733898 0.129613 0.192090
1 0.329067 0.494181 0.138415 0.206215
1 0.745405 0.878390 0.114261 0.192147
1 0.702007 0.734746 0.128521 0.193898
1 0.611391 0.044831 0.094472 0.089661
1 0.390035 0.105508 0.113169 0.172712
1 0.643239 0.588446 0.164789 0.253842
1 0.550968 0.421158 0.136232 0.215311
1 0.624560 0.290593 0.114261 0.169209
1 0.953433 0.302910 0.093134 0.243220
1 0.868433 0.278249 0.103275 0.208023
1 0.547113 0.662486 0.108732 0.218531
1 0.377412 0.718023 0.125246 0.170960
1 0.507588 0.901751 0.110951 0.196497
1 0.290070 0.907910 0.095563 0.184181
1 0.157694 0.923785 0.149401 0.152429
1 0.100581 0.309972 0.107641 0.218588
1 0.684982 0.070395 0.076866 0.140791
1 0.486144 0.094944 0.105458 0.172712
