1 0.261395 0.374563 0.167500 0.261475
1 0.275145 0.706967 0.163623 0.221803
1 0.440707 0.695929 0.167500 0.255574
1 0.610145 0.720191 0.163623 0.271749
1 0.925833 0.728989 0.148333 0.236448
1 0.773768 0.725328 0.144130 0.235027
1 0.852645 0.908197 0.183116 0.183607
1 0.681739 0.919945 0.152899 0.160109
1 0.521051 0.896448 0.164565 0.207104
1 0.345743 0.892049 0.174312 0.215902
1 0.180109 0.875792 0.162681 0.248415
1 0.074638 0.764262 0.149275 0.296066
1 0.959565 0.480082 0.080870 0.248689
1 0.846540 0.525874 0.140254 0.249563
1 0.697699 0.509727 0.157790 0.267322
1 0.530688 0.520710 0.170435 0.271694
1 0.365616 0.494290 0.150000 0.224754
1 0.170362 0.569180 0.172391 0.271694
1 0.044511 0.521448 0.089022 0.258525
1 0.111920 0.329781 0.164565 0.274645
1 0.460072 0.303361 0.157754 0.242350
1 0.614438 0.296749 0.170399 0.255574
1 0.778551 0.305546 0.161667 0.235027
1 0.921884 0.268825 0.156232 0.243770
1 0.840960 0.061339 0.146051 0.122678
1 0.696739 0.119727 0.142174 0.239454
1 0.544312 0.118279 0.154855 0.236448
1 0.347609 0.157186 0.154855 0.284973
1 0.185942 0.127077 0.150942 0.245301
1 0.054257 0.134454 0.108514 0.242350
