1 0.164200 0.152292 0.168667 0.275417
1 0.274367 0.330327 0.150800 0.214464
1 0.402217 0.166042 0.142100 0.188869
1 0.407183 0.355893 0.147633 0.261667
1 0.901767 0.826042 0.187400 0.316726
1 0.542100 0.713899 0.188200 0.316726
1 0.412083 0.654881 0.150833 0.269524
1 0.304683 0.489643 0.184967 0.285238
1 0.178033 0.473929 0.103533 0.226190
1 0.167017 0.770982 0.114567 0.249821
1 0.251300 0.848661 0.159733 0.263631
1 0.359200 0.887946 0.168667 0.224107
1 0.641783 0.918423 0.171967 0.163155
1 0.781733 0.801488 0.105733 0.232143
1 0.678733 0.727798 0.126667 0.265833
1 0.517883 0.408006 0.181767 0.295060
1 0.608717 0.261488 0.154100 0.277381
1 0.735467 0.255565 0.132200 0.230179
1 0.722800 0.494554 0.161933 0.279345
1 0.884733 0.564405 0.157533 0.257738
