1 0.623000 0.580790 0.086320 0.086340
1 0.519590 0.592170 0.088220 0.090140
1 0.417140 0.588380 0.097720 0.090120
1 0.306130 0.593590 0.095820 0.096780
1 0.197040 0.596910 0.097720 0.105300
1 0.239250 0.694150 0.094860 0.102460
1 0.364010 0.696050 0.095820 0.102460
1 0.478810 0.689410 0.095820 0.092980
1 0.595010 0.678980 0.092980 0.087280
1 0.686560 0.417610 0.097720 0.078740
1 0.764360 0.451760 0.099600 0.093920
1 0.839300 0.414290 0.090120 0.094860
1 0.775740 0.376810 0.076840 0.065460
1 0.225970 0.493030 0.094860 0.094860
1 0.350250 0.490190 0.098660 0.094860
1 0.467420 0.490660 0.093920 0.093920
1 0.578890 0.482120 0.098660 0.090120
