1 0.505208 0.807758 0.162250 0.121483
1 0.222950 0.528342 0.117633 0.088217
1 0.357667 0.542575 0.125233 0.101517
1 0.493333 0.541617 0.111933 0.088233
1 0.642275 0.535450 0.130917 0.098667
1 0.777467 0.532133 0.112900 0.088233
1 0.801183 0.643133 0.148933 0.103400
1 0.654142 0.647400 0.145150 0.110033
1 0.510883 0.649767 0.135667 0.111000
1 0.358150 0.654042 0.133767 0.104350
1 0.212992 0.650725 0.139450 0.097717
1 0.834392 0.786383 0.148950 0.128067
1 0.175517 0.796342 0.125233 0.115750
1 0.341067 0.790650 0.156533 0.123333
1 0.675008 0.800617 0.152750 0.139467
