1 0.326667 0.780503 0.105427 0.198090
1 0.188534 0.761381 0.204026 0.271859
1 0.404766 0.791432 0.154240 0.219949
1 0.547292 0.781870 0.164000 0.222675
1 0.680055 0.768892 0.115193 0.215845
1 0.817698 0.769574 0.203052 0.266392
1 0.756198 0.568757 0.189385 0.247267
1 0.501896 0.576953 0.164979 0.206283
1 0.397930 0.420532 0.164005 0.229504
1 0.185607 0.525722 0.180599 0.215845
1 0.190000 0.339246 0.162052 0.189891
1 0.325693 0.243622 0.152292 0.192624
1 0.518003 0.242937 0.115193 0.183061
1 0.632711 0.265481 0.166932 0.230875
1 0.210987 0.216979 0.096641 0.090168
1 0.323250 0.563976 0.155219 0.224045
1 0.658089 0.459468 0.110312 0.173499
1 0.427216 0.230641 0.080047 0.122945
1 0.793294 0.206735 0.123005 0.083338
1 0.819651 0.360423 0.193292 0.265029
1 0.564375 0.422584 0.141552 0.170765
1 0.611721 0.604956 0.097620 0.183061
