1 0.294326 0.610000 0.178262 0.306875
1 0.141875 0.163437 0.173359 0.259687
1 0.311543 0.154594 0.170898 0.269500
1 0.476904 0.156562 0.162285 0.253750
1 0.631826 0.170328 0.147559 0.269531
1 0.781826 0.180172 0.152441 0.253781
1 0.876494 0.370984 0.162285 0.241969
1 0.712363 0.373937 0.165977 0.255750
1 0.551289 0.370078 0.153672 0.259844
1 0.385928 0.366078 0.181973 0.279344
1 0.208262 0.370984 0.170898 0.265594
1 0.101914 0.605078 0.196719 0.308844
1 0.471367 0.607062 0.175820 0.289187
1 0.644111 0.611969 0.174590 0.287188
1 0.815029 0.594266 0.167207 0.263594
1 0.909082 0.835250 0.175820 0.297063
1 0.551289 0.850000 0.178281 0.295062
1 0.370557 0.855906 0.193027 0.287187
1 0.185518 0.856875 0.194277 0.281312
1 0.729570 0.851969 0.183203 0.291125
