1 0.189055 0.727645 0.178727 0.143436
1 0.338191 0.682109 0.169618 0.136618
1 0.221500 0.584773 0.168491 0.171909
1 0.080900 0.620073 0.160527 0.185564
1 0.331927 0.234136 0.100182 0.078564
1 0.662645 0.678691 0.169618 0.141164
1 0.820882 0.503936 0.142309 0.135473
1 0.916509 0.560873 0.149127 0.133200
1 0.945445 0.433364 0.109109 0.114982
1 0.964800 0.482309 0.070400 0.133200
1 0.372345 0.325782 0.169636 0.116109
1 0.540264 0.324645 0.157109 0.120673
1 0.456018 0.232427 0.157091 0.136600
1 0.053827 0.769200 0.107655 0.133200
