1 0.761758 0.545453 0.102453 0.083094
1 0.872758 0.853398 0.064891 0.093359
1 0.790195 0.854523 0.102422 0.104703
1 0.688328 0.855109 0.101312 0.105875
1 0.609773 0.850555 0.060328 0.099047
1 0.841445 0.761187 0.100172 0.093344
1 0.742430 0.759477 0.100234 0.094484
1 0.877305 0.672391 0.080828 0.095625
1 0.790789 0.669539 0.096766 0.101328
1 0.841445 0.535781 0.061484 0.081969
1 0.616031 0.667828 0.063750 0.095625
1 0.694023 0.673531 0.096766 0.095625
1 0.642758 0.758883 0.103641 0.093391
1 0.577898 0.371836 0.067172 0.091078
1 0.661570 0.371844 0.095641 0.095625
1 0.759477 0.371273 0.095641 0.094484
1 0.840305 0.366719 0.070578 0.105875
1 0.810703 0.457789 0.100187 0.099047
1 0.709953 0.458359 0.105875 0.097906
1 0.611477 0.462352 0.104734 0.096766
1 0.575047 0.539758 0.066031 0.078547
1 0.661000 0.545453 0.108156 0.087656
