1 0.568033 0.611067 0.117267 0.121800
1 0.465567 0.546742 0.126367 0.136617
1 0.671633 0.405575 0.126367 0.136617
1 0.795150 0.396475 0.120667 0.120683
1 0.798567 0.542192 0.127500 0.138883
1 0.672767 0.536500 0.119533 0.118400
1 0.799142 0.677092 0.114983 0.117250
1 0.678458 0.677667 0.110417 0.118400
1 0.341483 0.548450 0.121800 0.119533
1 0.345467 0.685625 0.120667 0.122950
1 0.466717 0.689617 0.119533 0.128633
1 0.918100 0.780692 0.127500 0.117250
1 0.342050 0.412408 0.120667 0.120683
1 0.466142 0.405008 0.120683 0.119550
1 0.571450 0.477300 0.126367 0.129767
