1 0.626967 0.628193 0.229507 0.210387
1 0.835987 0.101553 0.120213 0.075133
1 0.930247 0.166447 0.128413 0.155747
1 0.897500 0.757293 0.205000 0.189893
1 0.695960 0.803747 0.250000 0.195360
1 0.457567 0.841993 0.259560 0.211747
1 0.176833 0.877513 0.301907 0.244547
1 0.183660 0.670547 0.255453 0.215840
1 0.412487 0.663720 0.224040 0.221307
1 0.159073 0.507980 0.222680 0.188520
1 0.374913 0.494313 0.211747 0.193987
1 0.578467 0.477920 0.189893 0.172133
1 0.754013 0.463580 0.191253 0.168040
1 0.820953 0.604287 0.215853 0.187160
