1 0.674842 0.560933 0.140883 0.128900
1 0.537950 0.560433 0.148867 0.135900
1 0.391075 0.560933 0.146883 0.132900
1 0.246183 0.553933 0.142900 0.132900
1 0.653350 0.368092 0.125900 0.106917
1 0.776258 0.381067 0.125883 0.124900
1 0.527458 0.359592 0.119917 0.113917
1 0.711317 0.295642 0.119900 0.107917
1 0.467008 0.278158 0.116917 0.104917
1 0.588908 0.277658 0.118917 0.101917
1 0.344650 0.274200 0.121567 0.104600
1 0.222883 0.287533 0.117567 0.111600
1 0.400567 0.357092 0.125900 0.116917
1 0.275658 0.362092 0.123917 0.106917
1 0.195725 0.454017 0.133883 0.122900
1 0.328617 0.455517 0.131900 0.119900
1 0.465008 0.446017 0.140883 0.130900
1 0.600900 0.458517 0.126900 0.111900
1 0.721800 0.457017 0.116900 0.108900
1 0.810233 0.557908 0.135900 0.128850
