1 0.583128 0.514203 0.208635 0.201432
1 0.384561 0.489743 0.197122 0.201432
1 0.382405 0.704135 0.207189 0.230216
1 0.586723 0.723561 0.195689 0.225905
1 0.858669 0.758811 0.204311 0.201432
1 0.211182 0.401257 0.187041 0.185622
1 0.139959 0.702696 0.200000 0.212959
1 0.147155 0.510608 0.182743 0.162595
1 0.141399 0.317804 0.174095 0.197122
1 0.282405 0.589743 0.139568 0.174108
1 0.680250 0.778236 0.158284 0.176986
1 0.376649 0.288304 0.204324 0.198554
1 0.578088 0.313486 0.189932 0.202865
1 0.780966 0.317804 0.204311 0.214392
1 0.796074 0.519959 0.208635 0.212946
