1 0.281683 0.564675 0.291800 0.279717
1 0.299817 0.094133 0.265900 0.188267
1 0.567442 0.128667 0.238283 0.257333
1 0.869183 0.113992 0.261633 0.227983
1 0.914917 0.335042 0.170167 0.279717
1 0.704708 0.367842 0.253817 0.241717
1 0.443125 0.330725 0.234817 0.243450
1 0.201400 0.268558 0.276267 0.271083
1 0.057533 0.454175 0.115067 0.255550
1 0.546725 0.553450 0.245183 0.274533
1 0.797075 0.600933 0.258983 0.272800
1 0.118825 0.769275 0.237650 0.277983
1 0.366292 0.818492 0.260717 0.272817
1 0.624417 0.872125 0.265900 0.255750
1 0.877300 0.883692 0.245400 0.232617
1 0.103567 0.095708 0.153333 0.191417
