1 0.214825 0.560550 0.062450 0.056633
1 0.461267 0.453600 0.133100 0.135500
1 0.593767 0.436208 0.134300 0.131883
1 0.696883 0.524942 0.153467 0.143883
1 0.829975 0.463192 0.143883 0.145083
1 0.951558 0.464392 0.096883 0.142683
1 0.936567 0.610667 0.126867 0.135500
1 0.801792 0.619658 0.142683 0.146283
1 0.671108 0.662825 0.145083 0.143883
1 0.769425 0.779133 0.152283 0.158267
1 0.924100 0.791725 0.140300 0.157083
1 0.570983 0.583092 0.148667 0.142683
1 0.436692 0.591483 0.122317 0.130700
1 0.416308 0.733575 0.136683 0.143883
1 0.556592 0.746767 0.151083 0.160667
1 0.185500 0.902633 0.169067 0.158267
1 0.211267 0.797725 0.136700 0.092317
1 0.074583 0.840892 0.129500 0.137883
1 0.073692 0.600100 0.103250 0.085767
1 0.136558 0.529742 0.109083 0.103250
1 0.275608 0.613842 0.105750 0.103250
1 0.211083 0.509342 0.084933 0.062450
