1 0.141590 0.610040 0.118700 0.095920
1 0.189550 0.499130 0.181060 0.173860
1 0.440740 0.580080 0.155880 0.151080
1 0.581030 0.455980 0.165460 0.149880
1 0.739910 0.569290 0.171460 0.172660
1 0.582230 0.599250 0.153460 0.117500
1 0.291460 0.594460 0.147480 0.139080
1 0.243500 0.309690 0.135480 0.133100
1 0.434740 0.291700 0.143880 0.142680
1 0.400580 0.431990 0.157080 0.133100
1 0.567240 0.336070 0.130680 0.123500
1 0.536070 0.239540 0.113900 0.091120
1 0.763880 0.275510 0.147480 0.131900
1 0.708730 0.349260 0.133100 0.116320
1 0.850820 0.467960 0.155880 0.145080
1 0.708130 0.452370 0.115100 0.118700
1 0.855010 0.591460 0.092340 0.104320
1 0.164970 0.412210 0.117500 0.112700
1 0.325640 0.379840 0.105520 0.095920
