1 0.695240 0.777560 0.109920 0.044960
1 0.155680 0.582220 0.105920 0.081960
1 0.154180 0.651660 0.104920 0.086920
1 0.149120 0.721580 0.119040 0.092840
1 0.146180 0.788560 0.098920 0.056960
1 0.259100 0.792560 0.110920 0.050960
1 0.266580 0.731620 0.111880 0.090920
1 0.258580 0.653660 0.111880 0.096920
1 0.261100 0.580240 0.100920 0.089920
1 0.366500 0.578240 0.107880 0.093920
1 0.371480 0.657660 0.107920 0.086920
1 0.372980 0.730620 0.110920 0.084920
1 0.367980 0.783060 0.102920 0.045960
1 0.481400 0.785560 0.109920 0.050960
1 0.481400 0.726620 0.101920 0.084920
1 0.476900 0.650660 0.102920 0.084920
1 0.470900 0.584220 0.104920 0.087960
1 0.576320 0.615200 0.101920 0.089920
1 0.576320 0.693120 0.109920 0.095920
1 0.585320 0.768080 0.115920 0.067920
1 0.670240 0.584220 0.101920 0.085960
1 0.679240 0.651160 0.107920 0.083920
1 0.685240 0.731100 0.115920 0.077960
