1 0.199394 0.190812 0.158636 0.189895
1 0.816477 0.434267 0.166136 0.200262
1 0.786515 0.657016 0.148636 0.193403
1 0.701553 0.821885 0.156136 0.222723
1 0.504830 0.817592 0.159886 0.183037
1 0.349280 0.816728 0.171136 0.212408
1 0.198750 0.717461 0.164924 0.203822
1 0.140682 0.556859 0.156136 0.189948
1 0.311193 0.586204 0.169886 0.220995
1 0.466723 0.529215 0.148674 0.169215
1 0.620985 0.455864 0.144924 0.184712
1 0.614754 0.650105 0.144886 0.179581
1 0.485455 0.343613 0.151136 0.215812
1 0.369280 0.398010 0.131136 0.193403
1 0.479640 0.663168 0.134280 0.127173
1 0.729053 0.196911 0.111439 0.191518
1 0.721288 0.382461 0.103333 0.163037
1 0.326875 0.210759 0.098220 0.148220
1 0.616004 0.222775 0.167386 0.250366
1 0.434867 0.167513 0.167386 0.191675
1 0.265606 0.365209 0.141136 0.189895
1 0.122557 0.342775 0.157386 0.189948
1 0.838977 0.192539 0.146136 0.200262
