1 0.695617 0.618527 0.152300 0.238292
1 0.656667 0.203267 0.167400 0.240000
1 0.581683 0.336225 0.143000 0.205470
1 0.784550 0.480396 0.153467 0.234802
1 0.763050 0.288750 0.152300 0.203738
1 0.889183 0.576225 0.162767 0.198540
1 0.903133 0.874926 0.179033 0.208911
1 0.789550 0.733750 0.142100 0.196658
1 0.367183 0.726436 0.139500 0.222723
1 0.098042 0.533057 0.140683 0.215817
1 0.113733 0.783416 0.151133 0.208911
1 0.231742 0.650470 0.154617 0.222723
1 0.308467 0.475223 0.143000 0.210644
1 0.355550 0.285285 0.144167 0.217550
1 0.486925 0.180829 0.148817 0.215817
1 0.449725 0.375074 0.151150 0.227921
1 0.517733 0.524431 0.163933 0.229653
1 0.518317 0.703998 0.155800 0.181312
1 0.467167 0.880050 0.144167 0.184851
1 0.264817 0.872339 0.167533 0.203738
1 0.609000 0.899913 0.158100 0.200173
1 0.102692 0.192054 0.129050 0.207178
1 0.241617 0.178230 0.151133 0.203738
1 0.173617 0.356077 0.161600 0.203738
