1 0.806543 0.736935 0.296304 0.304565
1 0.513304 0.456457 0.250348 0.182739
1 0.291696 0.394587 0.244609 0.191348
1 0.277326 0.252130 0.230217 0.162609
1 0.480196 0.304674 0.227348 0.166913
1 0.298913 0.901087 0.271391 0.197826
1 0.096109 0.855522 0.192217 0.288957
1 0.568261 0.840522 0.321130 0.288000
1 0.718326 0.357891 0.234565 0.198565
1 0.795304 0.242087 0.221565 0.197130
1 0.575891 0.188109 0.223000 0.204304
1 0.375174 0.148543 0.210087 0.179870
1 0.867978 0.116152 0.211522 0.201435
1 0.672304 0.082543 0.200000 0.165087
1 0.483217 0.052087 0.193043 0.104174
1 0.303935 0.721935 0.274826 0.233087
1 0.094065 0.634870 0.188130 0.237391
1 0.093348 0.460783 0.186696 0.197130
1 0.303239 0.562217 0.259000 0.161130
1 0.754304 0.529109 0.277739 0.204304
1 0.531283 0.622652 0.286304 0.189913
1 0.917087 0.457891 0.165826 0.269087
