1 0.569433 0.562357 0.042867 0.047097
1 0.772575 0.095695 0.057983 0.079132
1 0.605083 0.596005 0.048933 0.060447
1 0.888058 0.271241 0.064750 0.073400
1 0.769675 0.159727 0.057983 0.069082
1 0.339092 0.935695 0.033783 0.087320
1 0.257092 0.900881 0.117583 0.137891
1 0.257500 0.750993 0.111933 0.142680
1 0.194275 0.535769 0.117583 0.158288
1 0.315892 0.460831 0.098250 0.116303
1 0.313517 0.204330 0.090833 0.126625
1 0.647500 0.488846 0.044267 0.059677
1 0.612308 0.520025 0.047550 0.062382
1 0.651458 0.551576 0.043817 0.063151
1 0.681283 0.509975 0.051267 0.050720
1 0.376567 0.866303 0.029533 0.047990
