1 0.467783 0.751580 0.134933 0.230276
1 0.192092 0.198926 0.193017 0.328957
1 0.365017 0.267193 0.149233 0.287822
1 0.413275 0.555031 0.134950 0.248344
1 0.621942 0.491702 0.148350 0.269724
1 0.755992 0.385613 0.151917 0.231902
1 0.945133 0.071135 0.109733 0.142270
1 0.962908 0.360629 0.074183 0.196472
1 0.782158 0.721319 0.142983 0.208282
1 0.586358 0.761656 0.059583 0.077669
1 0.556883 0.675429 0.040333 0.074233
1 0.605908 0.950123 0.041583 0.063988
1 0.539817 0.855307 0.038467 0.077669
1 0.527683 0.344954 0.065367 0.064141
