1 0.564146 0.640896 0.127903 0.121903
1 0.326333 0.574951 0.127889 0.121903
1 0.330326 0.714319 0.127903 0.128861
1 0.457236 0.717326 0.133889 0.136903
1 0.676562 0.707333 0.118903 0.134889
1 0.805958 0.707333 0.133889 0.130889
1 0.806458 0.564444 0.132889 0.136889
1 0.921861 0.844729 0.133889 0.125903
1 0.458229 0.435063 0.127903 0.121903
1 0.330340 0.438049 0.127903 0.121903
1 0.558146 0.503007 0.127903 0.121903
1 0.804951 0.429063 0.127903 0.121903
1 0.676049 0.566951 0.127903 0.121903
1 0.670069 0.427556 0.141889 0.140889
1 0.451736 0.572944 0.132889 0.143889
