1 0.379075 0.426075 0.143900 0.119900
1 0.528362 0.426675 0.152275 0.128300
1 0.675238 0.424275 0.151075 0.111500
1 0.751375 0.530400 0.137900 0.136700
1 0.602100 0.534000 0.151100 0.117500
1 0.677638 0.638300 0.160675 0.124700
1 0.748388 0.725238 0.153475 0.082725
1 0.594900 0.723437 0.141500 0.079125
1 0.436625 0.724038 0.122300 0.075525
1 0.377288 0.641900 0.145075 0.117500
1 0.528350 0.633513 0.133100 0.115125
1 0.234000 0.425475 0.127100 0.125900
1 0.291550 0.725238 0.148700 0.082725
1 0.229200 0.624525 0.134300 0.125900
1 0.312525 0.526800 0.137900 0.105500
1 0.425837 0.526200 0.052775 0.118700
