1 0.130544 0.221912 0.117387 0.111600
1 0.290488 0.216650 0.119125 0.102350
1 0.443144 0.219831 0.113338 0.113337
1 0.366531 0.301650 0.123163 0.124325
1 0.444300 0.398500 0.126050 0.112175
1 0.287306 0.399369 0.124312 0.117387
1 0.208669 0.310606 0.117387 0.109863
1 0.129156 0.399950 0.127213 0.115075
1 0.464687 0.705412 0.116575 0.109075
1 0.587094 0.708744 0.096587 0.105737
1 0.708244 0.707494 0.110738 0.109913
1 0.650375 0.799919 0.111575 0.109912
1 0.526637 0.798706 0.110450 0.108713
1 0.402669 0.802169 0.108713 0.113338
1 0.465694 0.892088 0.111013 0.102350
1 0.586831 0.892381 0.109287 0.105238
1 0.709425 0.892088 0.110450 0.106975
