1 0.211330 0.515980 0.136900 0.116920
1 0.343720 0.511440 0.133880 0.117800
1 0.477610 0.513930 0.135900 0.108820
1 0.614510 0.515380 0.131900 0.107920
1 0.743410 0.512880 0.127900 0.104920
1 0.817840 0.622300 0.132880 0.131880
1 0.672460 0.621890 0.139880 0.128900
1 0.533070 0.620790 0.134900 0.124900
1 0.390680 0.619300 0.137880 0.117920
1 0.246300 0.610860 0.144880 0.126800
1 0.171860 0.723720 0.149880 0.148880
1 0.322740 0.728220 0.141880 0.143880
1 0.468620 0.725770 0.139880 0.140980
1 0.617000 0.726710 0.134880 0.130900
1 0.767880 0.728310 0.134880 0.121900
1 0.839320 0.846610 0.159880 0.126900
1 0.680450 0.850610 0.155860 0.124900
1 0.528080 0.855210 0.152880 0.121900
1 0.373700 0.853110 0.159880 0.129900
1 0.218320 0.849160 0.148880 0.124000
