1 0.061350 0.161250 0.122700 0.141000
1 0.502700 0.773925 0.175550 0.159700
1 0.662400 0.717088 0.155400 0.146775
1 0.731475 0.876075 0.164050 0.156850
1 0.894787 0.815650 0.165475 0.162600
1 0.843713 0.654500 0.169775 0.156850
1 0.956388 0.609887 0.087225 0.159725
1 0.927612 0.455937 0.144775 0.162575
1 0.781112 0.505575 0.171225 0.149650
1 0.607738 0.560975 0.175525 0.159700
1 0.451625 0.626437 0.168350 0.164025
1 0.425375 0.270400 0.129900 0.128900
1 0.676687 0.282400 0.148875 0.116900
1 0.529788 0.334350 0.150875 0.112900
1 0.567262 0.208450 0.145875 0.136900
1 0.360825 0.390037 0.105050 0.094975
1 0.274512 0.332463 0.142475 0.126575
1 0.227025 0.450462 0.148200 0.097825
1 0.120537 0.374200 0.159725 0.135250
1 0.167313 0.238237 0.164025 0.125175
1 0.455800 0.133200 0.148200 0.125200
1 0.598962 0.085000 0.164025 0.152500
1 0.484575 0.035300 0.142450 0.070600
1 0.343563 0.069837 0.153975 0.139675
1 0.196800 0.105137 0.159700 0.120875
