1 0.375380 0.270185 0.129760 0.240535
1 0.195230 0.851893 0.166220 0.296214
1 0.214520 0.550432 0.157640 0.280206
1 0.356630 0.841975 0.160860 0.316049
1 0.368410 0.534979 0.143700 0.262551
1 0.491740 0.689444 0.139400 0.293457
1 0.609170 0.537181 0.136180 0.258148
1 0.622580 0.833971 0.141560 0.308930
1 0.772710 0.822942 0.154420 0.308930
1 0.750720 0.534979 0.140480 0.262551
1 0.729820 0.277901 0.128680 0.242716
1 0.595230 0.269095 0.131900 0.233909
1 0.493890 0.393745 0.128700 0.244938
1 0.233840 0.279012 0.140480 0.258189
1 0.037830 0.540494 0.075660 0.286831
1 0.052310 0.272387 0.104620 0.253745
