1 0.138250 0.451625 0.202000 0.207187
1 0.338531 0.447297 0.205437 0.205469
1 0.496516 0.533641 0.224469 0.202031
1 0.658828 0.436937 0.210656 0.198563
1 0.859094 0.451625 0.193375 0.200312
1 0.879828 0.655375 0.193406 0.203750
1 0.661406 0.644141 0.202000 0.191656
1 0.509453 0.759828 0.219281 0.202031
1 0.334219 0.632047 0.203750 0.164031
1 0.120969 0.655375 0.229625 0.203750
1 0.109266 0.887250 0.218531 0.225500
1 0.331625 0.882078 0.236563 0.235844
1 0.672641 0.876375 0.227906 0.224438
1 0.895016 0.872062 0.209969 0.215812
