1 0.307270 0.184189 0.074938 0.063848
1 0.469045 0.266768 0.072283 0.048574
1 0.077916 0.887227 0.155831 0.225547
1 0.212866 0.752012 0.232531 0.186484
1 0.490360 0.846113 0.287370 0.253828
1 0.675732 0.798633 0.219355 0.179570
1 0.578114 0.943350 0.282978 0.113301
1 0.846824 0.915723 0.228139 0.168555
1 0.962903 0.695039 0.074194 0.134687
1 0.079429 0.458975 0.158859 0.124902
1 0.116973 0.345068 0.144715 0.108926
1 0.065471 0.581836 0.130943 0.125000
1 0.108089 0.653320 0.152357 0.137891
1 0.263598 0.602871 0.199305 0.170859
1 0.044690 0.308320 0.089380 0.081914
1 0.277432 0.324473 0.109454 0.077500
1 0.950893 0.875518 0.098213 0.206504
1 0.883722 0.759775 0.126055 0.101309
1 0.739417 0.326035 0.062407 0.064102
1 0.651067 0.203223 0.080397 0.054961
1 0.738362 0.205723 0.085658 0.073281
1 0.765323 0.148682 0.065583 0.057441
1 0.694454 0.144512 0.084640 0.075781
1 0.501625 0.567090 0.173921 0.135898
1 0.635211 0.359883 0.159553 0.098516
1 0.563821 0.438994 0.187891 0.140879
1 0.403871 0.362061 0.157419 0.098926
1 0.236948 0.370547 0.151067 0.075937
1 0.177916 0.271631 0.126948 0.089941
