1 0.399342 0.478725 0.104783 0.084650
1 0.298033 0.523133 0.099233 0.081867
1 0.339325 0.447842 0.062450 0.085350
1 0.412875 0.406217 0.094383 0.079800
1 0.341400 0.556850 0.113100 0.098533
1 0.456592 0.562333 0.111017 0.102000
1 0.567967 0.556783 0.117267 0.102000
1 0.683842 0.559558 0.122817 0.103383
1 0.620700 0.475600 0.106167 0.090900
1 0.505508 0.477683 0.111717 0.090900
1 0.684875 0.439867 0.055517 0.059667
1 0.510017 0.414192 0.101300 0.063850
1 0.609592 0.407950 0.097850 0.076333
1 0.707083 0.493992 0.072167 0.058283
