1 0.847300 0.565425 0.078933 0.134883
1 0.851300 0.699317 0.066933 0.128900
1 0.840808 0.426033 0.085917 0.127900
1 0.778858 0.504975 0.093917 0.137883
1 0.431133 0.758875 0.129900 0.127883
1 0.544050 0.690425 0.125900 0.138883
1 0.626975 0.748383 0.067950 0.122900
1 0.628975 0.615483 0.073950 0.132900
1 0.619983 0.475600 0.097933 0.128900
1 0.536550 0.555533 0.130900 0.124900
1 0.438133 0.480600 0.133900 0.122900
1 0.430633 0.624983 0.130900 0.127900
1 0.323217 0.689433 0.125900 0.128900
1 0.328217 0.549542 0.137900 0.136883
1 0.238283 0.484592 0.087933 0.132883
1 0.235792 0.619983 0.088917 0.125900
1 0.238283 0.753883 0.085933 0.129900
1 0.781358 0.637867 0.102917 0.131900
