1 0.658370 0.386850 0.167860 0.119900
1 0.191640 0.354792 0.143880 0.149050
1 0.338030 0.339400 0.182860 0.126567
1 0.509940 0.353958 0.162960 0.150717
1 0.802150 0.351050 0.175860 0.151533
1 0.669760 0.503008 0.188840 0.147383
1 0.805660 0.465958 0.148880 0.111583
1 0.809640 0.600850 0.150880 0.156533
1 0.195130 0.496767 0.126900 0.143233
1 0.203150 0.625408 0.176900 0.144050
1 0.511380 0.634150 0.109920 0.119900
1 0.489410 0.504258 0.173860 0.158217
1 0.383040 0.629158 0.182960 0.153217
1 0.654770 0.629158 0.172860 0.129883
1 0.311600 0.478450 0.177760 0.154867
