1 0.330500 0.515850 0.171867 0.129900
1 0.347983 0.386950 0.150900 0.127900
1 0.227583 0.249550 0.131900 0.114900
1 0.369450 0.271550 0.133900 0.118900
1 0.173033 0.487767 0.159867 0.151867
1 0.195617 0.353983 0.131900 0.121900
1 0.808617 0.359983 0.148900 0.133900
1 0.788117 0.248567 0.119900 0.100933
1 0.646750 0.272050 0.140900 0.107900
1 0.498850 0.252550 0.132900 0.100900
1 0.505350 0.356483 0.123900 0.108900
1 0.506867 0.498867 0.156867 0.161867
1 0.661733 0.386950 0.152867 0.113900
1 0.680717 0.518850 0.174833 0.125900
1 0.837100 0.493367 0.163867 0.136867
