1 0.775483 0.227088 0.174595 0.231392
1 0.904247 0.870825 0.191506 0.258351
1 0.198031 0.455876 0.160386 0.191649
1 0.383629 0.393737 0.174595 0.208918
1 0.304730 0.564639 0.182355 0.233093
1 0.443108 0.701907 0.161660 0.207216
1 0.597664 0.635464 0.157799 0.233093
1 0.747683 0.581057 0.168108 0.217577
1 0.834981 0.439459 0.179768 0.196856
1 0.922336 0.638041 0.155328 0.203711
1 0.700483 0.393737 0.125444 0.167474
1 0.958552 0.437758 0.082896 0.200258
1 0.946274 0.258170 0.107452 0.151907
1 0.918398 0.089820 0.126757 0.160567
1 0.793591 0.058299 0.122857 0.116598
1 0.666873 0.086778 0.143552 0.173557
1 0.534305 0.077294 0.121583 0.154588
1 0.415309 0.215876 0.137104 0.177835
1 0.081525 0.083093 0.121583 0.127732
1 0.087336 0.220387 0.153900 0.188196
1 0.076332 0.388711 0.152664 0.169175
1 0.065328 0.592448 0.130656 0.269330
1 0.145541 0.676186 0.166834 0.226186
1 0.157297 0.879459 0.210811 0.241082
1 0.333842 0.881186 0.152625 0.237629
1 0.495502 0.910541 0.181042 0.178918
1 0.701139 0.858737 0.212085 0.282526
1 0.582143 0.232268 0.181042 0.217526
1 0.302162 0.215876 0.107336 0.146804
1 0.199981 0.279768 0.151313 0.146753
1 0.199981 0.113144 0.122896 0.158866
1 0.459884 0.540593 0.143707 0.143866
1 0.286293 0.738402 0.151737 0.154124
1 0.574382 0.457603 0.139653 0.153660
1 0.331255 0.078144 0.131931 0.156289
