1 0.279567 0.640717 0.168333 0.179833
1 0.209067 0.545050 0.159733 0.164033
1 0.132800 0.468783 0.148200 0.146767
1 0.427767 0.209783 0.133800 0.129500
1 0.518417 0.269483 0.139567 0.156833
1 0.627767 0.324100 0.153933 0.162467
1 0.751517 0.396833 0.159700 0.184200
1 0.879583 0.460867 0.191367 0.168333
1 0.334250 0.297550 0.116567 0.129500
1 0.413383 0.355100 0.159700 0.155400
1 0.503317 0.433517 0.169767 0.171233
1 0.627767 0.496117 0.177000 0.198567
1 0.743600 0.594667 0.204333 0.197133
1 0.620567 0.732083 0.197133 0.184167
1 0.520567 0.627767 0.175533 0.188467
1 0.401150 0.542150 0.164033 0.181300
1 0.316983 0.452233 0.142433 0.162600
1 0.235683 0.383883 0.141033 0.143900
1 0.487483 0.875967 0.192833 0.212933
1 0.378133 0.747183 0.195667 0.208633
