1 0.405460 0.854979 0.136120 0.290041
1 0.587730 0.130679 0.121180 0.218560
1 0.707300 0.129630 0.124400 0.255967
1 0.544290 0.839053 0.143700 0.311111
1 0.683170 0.824691 0.131900 0.291276
1 0.827930 0.803745 0.131900 0.311111
1 0.733000 0.554403 0.137200 0.231687
1 0.601120 0.572058 0.130840 0.218436
1 0.471370 0.589691 0.130820 0.236091
1 0.333030 0.597428 0.143700 0.251564
1 0.189330 0.625000 0.141540 0.280206
1 0.263380 0.366852 0.128800 0.227284
1 0.259030 0.862695 0.143700 0.274609
1 0.655820 0.339259 0.117960 0.238272
1 0.530350 0.358025 0.122260 0.244938
1 0.464930 0.142860 0.122260 0.225062
1 0.402700 0.365309 0.124520 0.231687
1 0.333090 0.151708 0.130940 0.238313
1 0.198440 0.172654 0.136200 0.249342
1 0.779140 0.327119 0.130840 0.236132
