1 0.670891 0.597791 0.106582 0.107400
1 0.585136 0.648582 0.101582 0.104073
1 0.480264 0.642755 0.096673 0.102418
1 0.584300 0.532009 0.101582 0.104091
1 0.483964 0.534927 0.100764 0.099927
1 0.281882 0.658627 0.119909 0.104309
1 0.368636 0.512855 0.089927 0.107418
1 0.492291 0.430836 0.097418 0.104909
1 0.590136 0.429173 0.094927 0.096600
1 0.669236 0.487464 0.098255 0.098273
1 0.760036 0.432509 0.103164 0.108255
1 0.857036 0.434582 0.094182 0.097418
1 0.862418 0.539927 0.108255 0.114909
1 0.860327 0.649827 0.100764 0.103255
1 0.760000 0.649827 0.098255 0.103255
1 0.760000 0.542836 0.096582 0.105745
