1 0.826050 0.528200 0.128900 0.123900
1 0.322463 0.537700 0.126875 0.120900
1 0.460850 0.534700 0.135900 0.124900
1 0.579762 0.602150 0.141875 0.125900
1 0.699725 0.345012 0.174850 0.190675
1 0.112700 0.347425 0.109900 0.100750
1 0.841550 0.820962 0.133900 0.125875
1 0.701650 0.826462 0.133900 0.136875
1 0.456350 0.825962 0.134900 0.135875
1 0.338450 0.819963 0.100900 0.133875
1 0.318963 0.680575 0.139875 0.120900
1 0.455850 0.681075 0.129900 0.123900
1 0.572763 0.759512 0.133875 0.138875
1 0.700163 0.683063 0.134875 0.125875
1 0.835550 0.693562 0.119900 0.118925
1 0.693163 0.538688 0.132875 0.130875
