1 0.512853 0.479680 0.157867 0.119893
1 0.514327 0.610080 0.172920 0.152880
1 0.516853 0.796427 0.205840 0.197840
1 0.909607 0.801073 0.180787 0.182947
1 0.731780 0.867473 0.206840 0.215827
1 0.701300 0.666127 0.175853 0.162867
1 0.869167 0.629160 0.183853 0.150880
1 0.831700 0.489273 0.154867 0.120893
1 0.682320 0.522747 0.161867 0.133893
1 0.353580 0.521247 0.157880 0.130893
1 0.200700 0.488273 0.151880 0.122893
1 0.330100 0.661633 0.174867 0.151880
1 0.160740 0.617667 0.187853 0.167867
1 0.118767 0.795027 0.193853 0.184853
1 0.307120 0.859473 0.206827 0.219827
