1 0.511982 0.704482 0.166893 0.176964
1 0.863054 0.700250 0.178393 0.177143
1 0.686089 0.657732 0.175536 0.184179
1 0.163768 0.350536 0.178393 0.168357
1 0.336429 0.294411 0.169786 0.174107
1 0.508375 0.339018 0.188464 0.174107
1 0.686071 0.288661 0.161143 0.176964
1 0.851536 0.332554 0.166929 0.161179
1 0.858018 0.511679 0.174107 0.171214
1 0.681036 0.474268 0.174071 0.176964
1 0.510536 0.522464 0.175571 0.169786
1 0.333554 0.480750 0.166893 0.155429
1 0.164482 0.528232 0.182750 0.166893
1 0.158018 0.708089 0.172679 0.175536
1 0.342911 0.662768 0.174107 0.182750
