1 0.331533 0.452633 0.131900 0.124700
1 0.468825 0.450242 0.142683 0.131883
1 0.603117 0.456833 0.130700 0.109100
1 0.670867 0.555750 0.134300 0.129500
1 0.817142 0.560550 0.139083 0.127100
1 0.541367 0.561158 0.148667 0.147483
1 0.196650 0.458633 0.125900 0.122300
1 0.275183 0.361508 0.122300 0.103117
1 0.397483 0.351917 0.124700 0.110300
1 0.525183 0.359108 0.128300 0.110317
1 0.650483 0.364508 0.122300 0.109117
1 0.726017 0.460425 0.122300 0.106717
1 0.778175 0.383692 0.130683 0.116317
1 0.711033 0.290167 0.111500 0.089933
1 0.588133 0.275775 0.117500 0.097117
1 0.392092 0.562350 0.142683 0.130700
1 0.465825 0.273375 0.115117 0.104317
1 0.242808 0.556358 0.153483 0.137883
1 0.341725 0.274575 0.116317 0.104317
1 0.222425 0.285375 0.115117 0.111517
