1 0.303000 0.572167 0.227933 0.176133
1 0.711633 0.415350 0.213400 0.159500
1 0.731417 0.567633 0.233833 0.166667
1 0.924767 0.573033 0.150467 0.170267
1 0.942150 0.745083 0.115700 0.178633
1 0.753000 0.747483 0.260200 0.183433
1 0.519800 0.673133 0.251800 0.245800
1 0.523383 0.483100 0.223033 0.182267
1 0.289933 0.739567 0.243800 0.187867
1 0.085017 0.740517 0.170033 0.181300
1 0.907367 0.418333 0.185267 0.165467
1 0.092783 0.564400 0.185567 0.195133
1 0.308533 0.404800 0.212267 0.167867
1 0.096400 0.404800 0.192800 0.170267
