1 0.144687 0.464814 0.197875 0.242416
1 0.303537 0.387323 0.172775 0.248625
1 0.264513 0.658755 0.203425 0.273494
1 0.380862 0.869684 0.196475 0.260632
1 0.160712 0.915260 0.215975 0.169480
1 0.156537 0.701022 0.140725 0.242416
1 0.176737 0.256599 0.164425 0.223755
1 0.719450 0.908234 0.179750 0.180260
1 0.551562 0.908011 0.144925 0.183978
1 0.860187 0.726914 0.190875 0.310781
1 0.658150 0.752918 0.199250 0.291933
1 0.466562 0.640929 0.209025 0.308699
1 0.681137 0.464907 0.203425 0.325502
1 0.839987 0.383086 0.195075 0.289888
1 0.812113 0.233792 0.175575 0.215465
1 0.649087 0.222398 0.153275 0.254833
1 0.516725 0.227584 0.161650 0.302528
1 0.360663 0.170595 0.181125 0.279703
