1 0.834565 0.168348 0.178174 0.146522
1 0.796761 0.297761 0.182739 0.162565
1 0.580217 0.261065 0.181304 0.158304
1 0.787391 0.494152 0.210087 0.210043
1 0.385239 0.234457 0.174130 0.159696
1 0.419913 0.147109 0.133217 0.134043
1 0.129413 0.771543 0.244478 0.221696
1 0.325239 0.841978 0.246565 0.250739
1 0.576978 0.888348 0.248652 0.223304
1 0.425522 0.667522 0.228783 0.228783
1 0.639196 0.615000 0.210043 0.212957
1 0.751413 0.768978 0.224478 0.247522
1 0.262217 0.568261 0.210087 0.197130
1 0.299630 0.399913 0.169783 0.156870
1 0.462217 0.486239 0.207217 0.145348
1 0.460783 0.338761 0.181304 0.152478
1 0.625522 0.407826 0.174087 0.178435
1 0.547304 0.132565 0.143217 0.141565
1 0.683848 0.180435 0.138217 0.172348
