1 0.790800 0.146220 0.308720 0.283860
1 0.949725 0.359880 0.100550 0.311760
1 0.626065 0.361680 0.163070 0.219420
1 0.327505 0.329905 0.191850 0.182250
1 0.069030 0.378450 0.138060 0.161900
1 0.903170 0.640375 0.193660 0.244490
1 0.660270 0.630015 0.304580 0.265210
1 0.366050 0.691135 0.267280 0.254850
1 0.827545 0.831585 0.344910 0.336830
1 0.492445 0.830995 0.341870 0.335650
1 0.142105 0.841945 0.284210 0.316110
1 0.156610 0.491200 0.313220 0.302500
1 0.467575 0.458045 0.325290 0.306650
1 0.811520 0.436295 0.337720 0.341870
1 0.481045 0.157615 0.306650 0.310790
1 0.168180 0.182860 0.298360 0.304580
