10 0.550833 0.861250 0.122500 0.103125
10 0.585833 0.958750 0.172500 0.080625
10 0.700833 0.914687 0.157500 0.123750
10 0.837083 0.838750 0.130000 0.110625
10 0.949792 0.882083 0.100417 0.137292
10 0.879167 0.946771 0.145000 0.103125
10 0.153750 0.699010 0.104167 0.073438
10 0.285000 0.694323 0.120833 0.095312
10 0.400625 0.688073 0.106250 0.079687
10 0.704931 0.366823 0.076250 0.035937
10 0.627569 0.354583 0.072361 0.039167
10 0.520486 0.331354 0.063750 0.049792
10 0.925903 0.332500 0.077917 0.045625
10 0.924167 0.370833 0.080556 0.043333
10 0.845833 0.371667 0.080556 0.046250
10 0.040208 0.313125 0.080417 0.048125
10 0.817569 0.421771 0.065139 0.047500
10 0.933611 0.521198 0.101111 0.053646
10 0.818611 0.705104 0.118611 0.062292
10 0.887917 0.675104 0.128056 0.094792
10 0.763472 0.633854 0.135278 0.090625
10 0.525833 0.621615 0.112222 0.080312
10 0.530347 0.685365 0.101528 0.052396
10 0.653889 0.738229 0.110556 0.083542
10 0.627292 0.663177 0.117361 0.077396
10 0.206875 0.773229 0.147917 0.112500
10 0.353750 0.759948 0.137500 0.101562
10 0.265833 0.411615 0.090833 0.053021
10 0.372431 0.391250 0.059028 0.037292
10 0.030764 0.420469 0.061528 0.034062
10 0.100139 0.415469 0.071944 0.038854
10 0.541181 0.385365 0.068472 0.052396
10 0.498125 0.253438 0.068472 0.040625
10 0.563333 0.243177 0.049167 0.027187
10 0.751667 0.234271 0.053333 0.028542
10 0.622917 0.250521 0.063611 0.041042
10 0.640764 0.277760 0.069583 0.045521
10 0.853750 0.341042 0.075833 0.042083
10 0.396875 0.892083 0.135417 0.125000
10 0.258194 0.898333 0.116667 0.109375
10 0.102083 0.928802 0.145833 0.104688
10 0.191528 0.975000 0.162500 0.050000
10 0.350833 0.968125 0.152500 0.062083
10 0.223889 0.386042 0.079722 0.055625
10 0.028542 0.498646 0.054861 0.059375
10 0.041389 0.619896 0.080556 0.055625
10 0.048958 0.572396 0.097917 0.062917
10 0.179583 0.606302 0.087778 0.038229
10 0.207361 0.557344 0.107500 0.074479
10 0.343125 0.543021 0.111806 0.072292
10 0.391181 0.585729 0.082639 0.050417
10 0.284931 0.591198 0.122917 0.060729
10 0.583958 0.539062 0.080139 0.036667
10 0.483194 0.457083 0.078333 0.046250
10 0.660556 0.468177 0.075833 0.038229
10 0.961458 0.428229 0.077083 0.060417
10 0.887639 0.427396 0.075000 0.043333
10 0.616042 0.592448 0.092917 0.069688
