10 0.241302 0.096019 0.149167 0.186481
10 0.799141 0.174769 0.192656 0.305278
10 0.574193 0.218194 0.163906 0.284537
10 0.263854 0.909583 0.186458 0.172685
10 0.641406 0.812176 0.205104 0.345278
10 0.928099 0.603565 0.141406 0.314907
10 0.858568 0.738241 0.207448 0.357778
10 0.891979 0.356343 0.137604 0.290093
10 0.732344 0.477917 0.191146 0.342500
10 0.550156 0.526204 0.193437 0.364630
10 0.422318 0.776250 0.180260 0.350833
10 0.274740 0.667778 0.153854 0.313519
10 0.106901 0.704398 0.180260 0.314907
10 0.136042 0.423287 0.174792 0.294167
10 0.036589 0.403287 0.070677 0.245833
10 0.263437 0.323148 0.139062 0.262407
10 0.385807 0.166435 0.156927 0.258241
