10 0.485156 0.620374 0.200000 0.113780
10 0.232187 0.902707 0.321563 0.189862
10 0.578672 0.892372 0.341094 0.210335
10 0.638437 0.737254 0.219375 0.158760
10 0.378125 0.745571 0.350625 0.240945
10 0.394922 0.563780 0.169219 0.089370
10 0.467031 0.378543 0.284375 0.182480
10 0.700000 0.344636 0.245312 0.165846
10 0.770703 0.504134 0.192969 0.135433
10 0.914531 0.430807 0.170625 0.073228
10 0.931484 0.512106 0.133906 0.150394
10 0.208047 0.549065 0.174531 0.106594
10 0.313828 0.499705 0.149844 0.085433
10 0.489687 0.492766 0.177188 0.093799
10 0.278984 0.612057 0.212344 0.124902
10 0.579453 0.579035 0.159531 0.111024
