10 0.647129 0.930683 0.089841 0.122615
10 0.696378 0.536985 0.112721 0.142992
10 0.508569 0.553357 0.077032 0.114723
10 0.317226 0.560130 0.096820 0.122615
10 0.242094 0.946702 0.100618 0.106596
10 0.333746 0.965724 0.104770 0.065253
10 0.321952 0.859128 0.109629 0.151708
10 0.462986 0.940695 0.107244 0.117903
10 0.572394 0.954653 0.110336 0.090224
10 0.685822 0.978622 0.088781 0.042756
10 0.555875 0.884158 0.098852 0.108245
10 0.830345 0.894759 0.091254 0.120259
10 0.917624 0.898469 0.100618 0.129564
10 0.861528 0.809187 0.089134 0.092580
10 0.740106 0.811661 0.084982 0.123439
10 0.690371 0.854770 0.095760 0.127208
10 0.651855 0.807833 0.074912 0.108245
10 0.495892 0.806360 0.090548 0.137809
10 0.427915 0.865842 0.077385 0.089282
