10 0.318111 0.451652 0.274444 0.171695
10 0.896778 0.369540 0.206444 0.138218
10 0.662444 0.360991 0.253778 0.157328
10 0.424889 0.323132 0.224000 0.156322
10 0.326333 0.078017 0.151333 0.082471
10 0.477667 0.079023 0.151333 0.090230
10 0.658667 0.097701 0.172000 0.098851
10 0.846333 0.117816 0.155778 0.108333
10 0.932444 0.216236 0.135111 0.130460
10 0.063778 0.145115 0.127556 0.128448
10 0.361222 0.220977 0.209111 0.099713
10 0.353778 0.144325 0.176444 0.063362
10 0.560778 0.162859 0.190000 0.087213
10 0.736444 0.216739 0.188444 0.131466
10 0.197222 0.307256 0.240222 0.151580
10 0.103778 0.411422 0.207556 0.171695
10 0.589556 0.452083 0.268444 0.163075
10 0.856000 0.524066 0.288000 0.197557
10 0.617111 0.656897 0.364889 0.256034
10 0.246111 0.609914 0.323333 0.215805
10 0.817444 0.852155 0.362000 0.291667
10 0.352333 0.844468 0.422889 0.299282
10 0.838889 0.271336 0.224000 0.125718
10 0.562222 0.246911 0.192889 0.115086
10 0.169000 0.187356 0.195778 0.105460
