10 0.100078 0.123740 0.107656 0.147831
10 0.234023 0.620926 0.139922 0.156038
10 0.480703 0.812192 0.143594 0.229308
10 0.605469 0.908206 0.161094 0.178195
10 0.817578 0.604279 0.158281 0.219578
10 0.666602 0.679660 0.156484 0.174091
10 0.662930 0.574678 0.132578 0.151934
10 0.233125 0.783236 0.143594 0.215475
10 0.340313 0.520047 0.107656 0.175381
10 0.466406 0.576026 0.116875 0.135404
10 0.154414 0.358441 0.122422 0.169871
10 0.303516 0.292145 0.102187 0.089801
10 0.428711 0.330832 0.115078 0.139508
10 0.458164 0.474560 0.113203 0.125674
10 0.571328 0.467644 0.107656 0.175381
10 0.959336 0.533822 0.081016 0.205744
10 0.787227 0.398476 0.121484 0.136694
10 0.824492 0.245193 0.087422 0.106331
10 0.952500 0.352989 0.095000 0.114654
10 0.771523 0.142263 0.095703 0.093904
