10 0.621714 0.692719 0.175143 0.269379
10 0.189000 0.724411 0.118857 0.134047
10 0.063786 0.633833 0.120714 0.129764
10 0.327357 0.737580 0.165000 0.218201
10 0.419357 0.675910 0.076429 0.114561
10 0.489429 0.617987 0.094857 0.158887
10 0.312000 0.556531 0.114286 0.135332
10 0.075857 0.805246 0.151714 0.243041
10 0.247571 0.880514 0.200857 0.233405
10 0.478929 0.857602 0.193571 0.276231
10 0.726286 0.892077 0.185143 0.209850
10 0.871000 0.769165 0.212857 0.270664
10 0.493571 0.439722 0.110571 0.169807
