2 0.340667 0.553778 0.105956 0.124800
2 0.145978 0.242556 0.121733 0.134978
2 0.206422 0.547911 0.131156 0.133422
2 0.202111 0.702933 0.135067 0.137333
2 0.341467 0.706067 0.116978 0.127956
2 0.483533 0.706867 0.131067 0.118533
0 0.508244 0.356000 0.100489 0.101244
0 0.450178 0.460778 0.103644 0.109911
0 0.505867 0.567911 0.105244 0.093422
0 0.564333 0.459978 0.104489 0.105200
0 0.624378 0.353622 0.108400 0.106000
0 0.749200 0.355200 0.111556 0.091822
0 0.682067 0.450578 0.117022 0.116178
0 0.806911 0.457222 0.113822 0.113822
0 0.751556 0.558889 0.116267 0.114578
0 0.629889 0.571022 0.108400 0.106044
0 0.866556 0.751978 0.090267 0.095778
