2 0.105441 0.390081 0.156471 0.285676
2 0.745570 0.368486 0.229007 0.286486
2 0.847279 0.184027 0.209265 0.264486
2 0.724761 0.661270 0.236507 0.313135
2 0.489063 0.649865 0.219963 0.302973
2 0.172978 0.613000 0.160221 0.270000
2 0.231967 0.362622 0.130846 0.230757
2 0.387096 0.209541 0.215662 0.270000
2 0.535239 0.392027 0.203419 0.278649
2 0.646011 0.185595 0.201801 0.255081
2 0.332096 0.446973 0.214632 0.280216
2 0.163125 0.851216 0.224779 0.215838
2 0.079044 0.678541 0.105735 0.297514
2 0.141232 0.168703 0.211949 0.255892
2 0.602757 0.855595 0.222941 0.210000
2 0.386176 0.858189 0.222868 0.204703
2 0.928860 0.693108 0.142279 0.316486
2 0.818640 0.852297 0.203750 0.210973
2 0.914743 0.401108 0.117868 0.267514
