0 0.077111 0.907067 0.104089 0.104978
2 0.738756 0.518689 0.169600 0.162622
2 0.752356 0.424622 0.155733 0.097422
2 0.824378 0.352756 0.154800 0.106044
2 0.912511 0.705333 0.135867 0.125333
2 0.742978 0.704933 0.120267 0.120800
2 0.575289 0.706756 0.123200 0.118933
2 0.662244 0.805400 0.107511 0.115422
2 0.572111 0.901711 0.124222 0.116578
2 0.748089 0.901311 0.110044 0.110267
2 0.834067 0.805356 0.120311 0.119067
2 0.917111 0.894556 0.130222 0.126444
0 0.567378 0.559000 0.157067 0.147778
0 0.596644 0.481867 0.148667 0.144089
0 0.901000 0.413556 0.144044 0.126400
0 0.438667 0.700289 0.104089 0.105022
0 0.335511 0.696111 0.104089 0.105022
0 0.175644 0.697022 0.104089 0.104978
0 0.075289 0.696111 0.104089 0.105022
0 0.076222 0.803889 0.104089 0.105022
0 0.178444 0.803889 0.104089 0.105022
0 0.254622 0.853178 0.104089 0.105022
0 0.180311 0.909844 0.104089 0.105022
0 0.341067 0.907067 0.104089 0.104978
0 0.254622 0.751844 0.104089 0.105022
0 0.338267 0.802067 0.104089 0.105022
0 0.443333 0.802067 0.104089 0.105022
0 0.440533 0.906156 0.104089 0.105022
