2 0.580378 0.653311 0.199244 0.198267
2 0.471733 0.523756 0.184533 0.182711
2 0.780689 0.677067 0.203956 0.206756
2 0.262956 0.247356 0.166533 0.163067
2 0.421022 0.261667 0.170400 0.163778
2 0.670089 0.302044 0.170400 0.163733
2 0.858778 0.336067 0.190889 0.172311
2 0.826200 0.496289 0.190889 0.172311
2 0.642200 0.473044 0.190889 0.172311
2 0.525089 0.366178 0.190889 0.172356
2 0.360600 0.424733 0.190889 0.172311
2 0.199867 0.393978 0.159378 0.168489
2 0.143600 0.550644 0.173244 0.176933
2 0.309022 0.589133 0.189956 0.188844
