2 0.723044 0.223978 0.190889 0.183422
2 0.910933 0.238844 0.178133 0.183378
2 0.790889 0.398689 0.190844 0.183422
2 0.945778 0.411711 0.108444 0.183422
2 0.661689 0.565978 0.190844 0.183422
2 0.592933 0.383844 0.190844 0.183422
2 0.459111 0.542756 0.190844 0.183378
2 0.525911 0.219844 0.190844 0.183422
2 0.046778 0.616600 0.093556 0.130356
2 0.217467 0.631978 0.190844 0.183422
2 0.823422 0.790889 0.190844 0.183378
2 0.634756 0.797400 0.190844 0.183422
2 0.539956 0.755578 0.190844 0.183422
2 0.857822 0.579933 0.190844 0.183422
2 0.710978 0.643133 0.190844 0.183422
