2 0.721178 0.574333 0.190533 0.227689
2 0.780667 0.403356 0.190489 0.227689
2 0.608733 0.436822 0.190533 0.227689
2 0.422867 0.449822 0.190533 0.227733
2 0.240689 0.492556 0.190533 0.227689
2 0.368022 0.637533 0.190533 0.227689
2 0.555756 0.606867 0.190533 0.227689
2 0.605022 0.877311 0.190489 0.227689
2 0.065289 0.799244 0.130578 0.227733
2 0.067156 0.680289 0.134311 0.170089
2 0.763933 0.781178 0.190533 0.148756
2 0.471178 0.280689 0.190533 0.227689
2 0.644978 0.253711 0.190489 0.227689
2 0.296911 0.307133 0.190533 0.227689
