2 0.314607 0.685912 0.061478 0.098239
0 0.180016 0.827358 0.075063 0.152201
2 0.075267 0.707358 0.062044 0.095975
2 0.043915 0.789088 0.077956 0.136792
2 0.114481 0.762421 0.077956 0.136792
2 0.139921 0.615409 0.061478 0.098239
2 0.197657 0.572516 0.061478 0.098239
2 0.195110 0.680786 0.061478 0.098176
2 0.253821 0.725723 0.061478 0.098239
2 0.251792 0.617484 0.061509 0.098239
2 0.311541 0.580692 0.061509 0.098239
2 0.371808 0.725723 0.061478 0.098239
2 0.367217 0.617484 0.061478 0.098239
2 0.367217 0.519403 0.061478 0.098176
2 0.309497 0.486730 0.061509 0.098239
2 0.200204 0.482642 0.061478 0.098239
2 0.145047 0.515660 0.061478 0.098239
2 0.253821 0.522453 0.061478 0.098239
