2 0.407067 0.140356 0.198578 0.190489
2 0.254667 0.220267 0.198578 0.190489
2 0.107822 0.289956 0.198578 0.190489
2 0.212800 0.389400 0.198578 0.190444
2 0.362444 0.316933 0.198578 0.190489
0 0.437711 0.917289 0.145911 0.165422
0 0.579000 0.928444 0.145911 0.143111
0 0.524156 0.789956 0.145911 0.167289
0 0.618956 0.663556 0.145911 0.167289
0 0.470244 0.663556 0.145911 0.167289
0 0.330867 0.629200 0.145911 0.167289
0 0.193756 0.605022 0.145911 0.167289
2 0.107822 0.126400 0.198578 0.190489
2 0.262089 0.074111 0.198578 0.148222
0 0.856867 0.795556 0.145911 0.167289
0 0.146822 0.870800 0.145911 0.167289
0 0.290911 0.889378 0.145911 0.167289
0 0.240689 0.759289 0.145911 0.167289
0 0.388467 0.776978 0.145911 0.167289
