2 0.536250 0.270449 0.178438 0.145898
2 0.128730 0.771797 0.094883 0.082578
2 0.236074 0.467891 0.211055 0.190391
2 0.424229 0.497207 0.208184 0.196992
2 0.633809 0.521357 0.220273 0.193223
2 0.388477 0.362451 0.224023 0.170957
2 0.580859 0.381963 0.224023 0.170957
2 0.773242 0.428389 0.208203 0.181113
2 0.711895 0.291816 0.178438 0.145898
2 0.218828 0.768154 0.087344 0.073457
2 0.358730 0.256504 0.178437 0.145898
2 0.221191 0.328535 0.178438 0.145898
2 0.117100 0.842939 0.087324 0.073457
2 0.214688 0.847588 0.087344 0.073457
2 0.304824 0.840146 0.087344 0.073457
2 0.307617 0.767656 0.087344 0.073437
