2 0.297978 0.541311 0.147156 0.142267
2 0.855022 0.781600 0.147200 0.097778
2 0.444244 0.538111 0.147156 0.142267
2 0.678422 0.526022 0.147156 0.142267
2 0.823422 0.527889 0.147200 0.142267
2 0.697044 0.785311 0.147156 0.097822
2 0.436800 0.776956 0.147200 0.097822
2 0.277889 0.777800 0.147156 0.097822
2 0.574356 0.740711 0.147200 0.142311
2 0.284378 0.677511 0.147156 0.142311
2 0.448889 0.667289 0.147200 0.142311
2 0.570644 0.600378 0.147156 0.142267
2 0.699800 0.671000 0.147156 0.142267
2 0.844778 0.665422 0.147156 0.142311
