2 0.852230 0.759290 0.145100 0.151660
0 0.133830 0.705390 0.119900 0.130100
0 0.130110 0.581780 0.119900 0.130120
0 0.138480 0.480480 0.119880 0.130120
0 0.140340 0.365240 0.119880 0.130120
0 0.233270 0.315980 0.119900 0.130120
0 0.230480 0.428440 0.119880 0.130120
0 0.224900 0.537170 0.119880 0.130100
0 0.219330 0.640340 0.119900 0.130120
0 0.223050 0.760220 0.119900 0.130120
0 0.315980 0.706320 0.119880 0.130120
0 0.325280 0.592010 0.119880 0.130100
0 0.318770 0.484200 0.119900 0.130120
0 0.321560 0.372670 0.119880 0.130100
0 0.418220 0.310410 0.119880 0.130100
0 0.420080 0.432160 0.119880 0.130120
0 0.416360 0.539960 0.119880 0.130120
0 0.407990 0.647770 0.119900 0.130100
0 0.409420 0.761190 0.119880 0.130100
2 0.597590 0.756510 0.145100 0.151660
2 0.727690 0.666350 0.145100 0.151660
2 0.599450 0.584570 0.145100 0.151660
2 0.849450 0.573420 0.145100 0.151680
2 0.851310 0.405210 0.145100 0.151660
2 0.721190 0.495350 0.145100 0.151660
2 0.597590 0.399630 0.145100 0.151660
2 0.730450 0.313170 0.145100 0.151660
