2 0.085942 0.456417 0.142117 0.127167
2 0.112642 0.548667 0.142117 0.127167
2 0.157375 0.657767 0.142117 0.127167
2 0.224092 0.443483 0.142117 0.127167
2 0.264125 0.534533 0.142117 0.127167
2 0.303375 0.640500 0.142117 0.127167
2 0.456433 0.625583 0.142100 0.127167
2 0.411692 0.525900 0.142117 0.127167
2 0.365392 0.430933 0.142117 0.127167
2 0.496467 0.432500 0.142100 0.127167
2 0.545133 0.513350 0.142100 0.127167
2 0.589875 0.620100 0.142117 0.127167
2 0.934450 0.735892 0.131100 0.151550
2 0.797092 0.715067 0.142117 0.127167
