2 0.355967 0.493674 0.204152 0.204087
2 0.552196 0.488217 0.204174 0.204087
2 0.739793 0.485870 0.204152 0.204087
2 0.832424 0.642859 0.204152 0.204065
2 0.644815 0.655413 0.204152 0.204087
2 0.456435 0.656196 0.204174 0.204087
2 0.269620 0.664837 0.204152 0.204065
2 0.359891 0.835957 0.204174 0.204087
2 0.554554 0.821826 0.204152 0.204087
2 0.739793 0.817891 0.204152 0.204087
2 0.231554 0.169141 0.182978 0.173457
2 0.325391 0.260641 0.182261 0.117848
2 0.168761 0.246478 0.145348 0.133565
2 0.385011 0.200576 0.143022 0.109283
