2 0.624440 0.363390 0.160720 0.165220
2 0.857920 0.357170 0.167760 0.165260
2 0.736660 0.262950 0.167760 0.165260
2 0.744500 0.459970 0.167760 0.165260
2 0.868520 0.558870 0.167760 0.165260
2 0.746080 0.665620 0.167760 0.165280
2 0.626760 0.567510 0.167760 0.165260
0 0.170720 0.335170 0.128720 0.131860
0 0.301020 0.331240 0.128720 0.131880
0 0.427400 0.328100 0.128720 0.131880
0 0.405420 0.448980 0.128720 0.131880
0 0.282960 0.445840 0.128720 0.131880
0 0.167580 0.453690 0.128720 0.131860
0 0.177000 0.567510 0.128720 0.131860
0 0.302590 0.564360 0.128740 0.131880
0 0.429750 0.570650 0.128740 0.131860
0 0.412480 0.693090 0.128720 0.131860
0 0.281400 0.692310 0.128720 0.131860
0 0.150310 0.694670 0.128740 0.131860
0 0.172290 0.812400 0.128740 0.131880
0 0.300230 0.818680 0.128740 0.131880
0 0.428960 0.817890 0.128720 0.131860
