2 0.411300 0.593762 0.181250 0.175025
2 0.605575 0.586338 0.181250 0.175025
2 0.809650 0.598900 0.181250 0.175050
2 0.814362 0.796700 0.181225 0.175050
2 0.611075 0.788850 0.181250 0.175050
2 0.399925 0.791212 0.181250 0.175025
0 0.156638 0.153413 0.156975 0.162475
0 0.320650 0.148350 0.157000 0.162500
0 0.483125 0.145987 0.157000 0.162475
0 0.643250 0.146787 0.157000 0.162475
0 0.636962 0.310838 0.156975 0.162475
0 0.468988 0.313188 0.156975 0.162475
0 0.322212 0.316337 0.156975 0.162475
0 0.162088 0.313188 0.156975 0.162475
0 0.159738 0.468612 0.156975 0.162475
