2 0.281379 0.545931 0.096357 0.143640
2 0.433764 0.532184 0.096357 0.143640
2 0.358879 0.598116 0.096357 0.143640
2 0.275093 0.677388 0.096357 0.143640
2 0.447371 0.661692 0.096343 0.143640
2 0.356779 0.741756 0.096357 0.143640
2 0.277179 0.828094 0.096357 0.143640
2 0.445807 0.814754 0.096357 0.143640
2 0.367250 0.894026 0.096357 0.143640
2 0.899021 0.216981 0.084329 0.122355
2 0.630929 0.433330 0.070714 0.102934
2 0.704464 0.441499 0.075357 0.102013
2 0.924136 0.455236 0.092586 0.116081
2 0.678829 0.587912 0.092571 0.116081
2 0.587186 0.570642 0.092571 0.116103
2 0.612321 0.652281 0.092586 0.116081
2 0.714964 0.667184 0.092586 0.116081
2 0.653921 0.696221 0.088986 0.094069
2 0.564386 0.690717 0.078486 0.086231
2 0.872079 0.688726 0.097843 0.121478
2 0.923664 0.628704 0.101529 0.120749
2 0.938593 0.766478 0.118814 0.099593
2 0.753721 0.420707 0.076871 0.095632
2 0.607086 0.406617 0.067029 0.095760
