0 0.616621 0.167434 0.096055 0.267249
0 0.717100 0.158360 0.099395 0.273757
0 0.820430 0.157672 0.099375 0.273757
0 0.921143 0.160265 0.099395 0.273757
0 0.867939 0.349418 0.099395 0.273757
0 0.767695 0.361005 0.099375 0.273757
0 0.662705 0.361005 0.099395 0.273757
0 0.554395 0.371323 0.099375 0.273757
0 0.607607 0.555344 0.099395 0.273757
0 0.712119 0.554048 0.099395 0.273810
0 0.816631 0.551481 0.099395 0.273757
0 0.925889 0.546349 0.099395 0.273757
0 0.864131 0.745820 0.099395 0.273757
0 0.759619 0.744497 0.099395 0.273757
0 0.657959 0.745820 0.099395 0.273757
0 0.553447 0.752222 0.099395 0.273757
2 0.079834 0.183466 0.107363 0.298571
2 0.187178 0.175688 0.107363 0.298571
2 0.297393 0.176958 0.107363 0.298571
2 0.409971 0.173095 0.107363 0.298571
2 0.404756 0.447222 0.107363 0.298571
2 0.294053 0.451085 0.107363 0.298571
2 0.187646 0.457540 0.107363 0.298571
2 0.079326 0.470397 0.107363 0.298571
2 0.077432 0.734206 0.107363 0.298571
2 0.187646 0.734206 0.107363 0.298571
2 0.295479 0.730344 0.107363 0.298571
2 0.408076 0.723942 0.107363 0.298571
