2 0.626457 0.530969 0.137943 0.075087
2 0.814886 0.536159 0.141657 0.079931
2 0.701543 0.585571 0.137943 0.075087
2 0.783257 0.637370 0.137943 0.075087
2 0.584914 0.636574 0.137943 0.075087
2 0.660114 0.696228 0.137943 0.075087
2 0.743029 0.751955 0.137943 0.075121
2 0.549914 0.745675 0.138000 0.075087
0 0.168114 0.485484 0.120571 0.069862
0 0.363257 0.489810 0.120571 0.069862
0 0.262114 0.520398 0.120571 0.069862
0 0.166229 0.558080 0.120571 0.069862
0 0.368429 0.558080 0.120514 0.069862
0 0.260829 0.592612 0.120514 0.069862
0 0.365829 0.628737 0.120571 0.069862
0 0.162314 0.634239 0.120514 0.069862
0 0.259543 0.670329 0.120571 0.069862
0 0.365829 0.706453 0.120571 0.069862
0 0.161029 0.707215 0.120571 0.069862
0 0.855800 0.861055 0.138686 0.085502
0 0.752114 0.839083 0.120571 0.069862
