2 0.159350 0.477275 0.180300 0.174883
2 0.069608 0.586342 0.139217 0.174883
2 0.191133 0.680533 0.180300 0.174900
2 0.312017 0.566717 0.180300 0.174900
2 0.421117 0.459183 0.180300 0.174900
2 0.454867 0.642858 0.180300 0.174883
2 0.811217 0.819467 0.180300 0.174900
0 0.632292 0.747675 0.135017 0.129517
0 0.797883 0.543175 0.135000 0.129517
0 0.839483 0.314758 0.135000 0.129517
0 0.911700 0.243325 0.135000 0.129517
0 0.809683 0.198550 0.125633 0.094900
0 0.750000 0.247250 0.125633 0.094900
0 0.685283 0.320650 0.143767 0.122367
0 0.532575 0.322608 0.143783 0.122383
0 0.442300 0.267658 0.143767 0.122383
0 0.527867 0.206433 0.143767 0.122367
0 0.598125 0.255917 0.114750 0.083167
0 0.664817 0.198225 0.114700 0.085550
