2 0.186453 0.328531 0.285719 0.286500
2 0.497687 0.298687 0.270875 0.219813
2 0.801820 0.323000 0.297609 0.275562
2 0.727273 0.680969 0.331234 0.313187
2 0.279859 0.662516 0.362625 0.351656
2 0.154062 0.836773 0.308125 0.309266
2 0.395305 0.942930 0.341359 0.114141
2 0.522461 0.822555 0.351516 0.262234
2 0.872852 0.831594 0.254297 0.336813
2 0.384000 0.410000 0.257719 0.133375
2 0.076141 0.174273 0.152281 0.197922
2 0.151156 0.073320 0.221531 0.146641
2 0.315055 0.153984 0.255453 0.227188
2 0.369305 0.054102 0.203453 0.108203
2 0.643969 0.175461 0.244156 0.202328
2 0.764344 0.080102 0.220406 0.160203
2 0.898281 0.158508 0.203437 0.243016
2 0.924273 0.400391 0.151453 0.154844
