2 0.247652 0.507065 0.153826 0.127174
2 0.385804 0.459174 0.153870 0.127130
2 0.515304 0.509413 0.153826 0.127174
2 0.652652 0.473304 0.153826 0.127130
2 0.781391 0.523543 0.153826 0.127174
2 0.782957 0.638152 0.153826 0.127174
2 0.790022 0.765304 0.153870 0.127130
2 0.649522 0.719783 0.153826 0.127130
2 0.643239 0.589478 0.153870 0.127130
2 0.510609 0.628717 0.153826 0.127174
2 0.498826 0.758239 0.153826 0.127174
2 0.364609 0.704087 0.153826 0.127130
2 0.376370 0.576913 0.153870 0.127130
2 0.231152 0.625587 0.153870 0.127174
2 0.217804 0.752761 0.153870 0.127174
