2 0.204898 0.638922 0.111453 0.113719
2 0.366961 0.633437 0.111453 0.113719
2 0.533352 0.636578 0.111453 0.113719
2 0.454867 0.733125 0.111453 0.113719
2 0.288461 0.737047 0.111453 0.113719
2 0.371664 0.822609 0.111453 0.113719
2 0.538852 0.824172 0.111453 0.113719
0 0.316750 0.313609 0.106750 0.099688
0 0.319078 0.420719 0.106750 0.099688
0 0.323000 0.521984 0.106750 0.099688
0 0.410906 0.465469 0.106750 0.099688
0 0.404625 0.375188 0.106750 0.099687
0 0.494891 0.312406 0.106750 0.099688
0 0.498828 0.410516 0.106750 0.099687
0 0.498031 0.521203 0.106750 0.099688
0 0.567109 0.465469 0.106750 0.099688
0 0.574172 0.361063 0.106750 0.099688
0 0.665234 0.315547 0.106750 0.099687
0 0.668375 0.413656 0.106750 0.099687
0 0.666797 0.516484 0.106750 0.099688
