2 0.519240 0.214140 0.173000 0.189080
2 0.719380 0.223935 0.173000 0.189090
2 0.911830 0.244230 0.173000 0.189080
2 0.944855 0.415675 0.110290 0.189090
2 0.790760 0.392580 0.173000 0.189080
2 0.592720 0.384185 0.173000 0.189090
2 0.452760 0.542340 0.173000 0.189080
2 0.655000 0.561930 0.173000 0.189080
2 0.855840 0.582225 0.173000 0.189090
2 0.715880 0.652205 0.173000 0.189090
2 0.822975 0.801260 0.196750 0.189080
2 0.629115 0.798460 0.196750 0.189080
2 0.546535 0.763470 0.196750 0.189080
2 0.210635 0.643810 0.196750 0.189080
2 0.047790 0.618285 0.095580 0.140830
