2 0.256936 0.226429 0.165186 0.135429
2 0.534814 0.265557 0.165200 0.135429
2 0.846907 0.286507 0.178100 0.135443
2 0.826564 0.432843 0.203986 0.182886
2 0.672814 0.338886 0.198486 0.150229
2 0.805607 0.606929 0.208929 0.199571
2 0.639571 0.508000 0.208286 0.206286
2 0.488893 0.391536 0.196643 0.160643
2 0.365400 0.304036 0.176229 0.147071
2 0.195321 0.329021 0.165186 0.135443
2 0.108786 0.467943 0.183000 0.192686
2 0.297321 0.437443 0.194071 0.174829
2 0.426093 0.530221 0.211329 0.175557
2 0.336393 0.862943 0.229214 0.218686
2 0.116450 0.902814 0.229214 0.194371
