2 0.249883 0.451908 0.179300 0.162050
2 0.695017 0.502158 0.179300 0.162050
2 0.394950 0.510783 0.179300 0.162033
2 0.544667 0.446708 0.179300 0.162050
2 0.845350 0.446708 0.179300 0.162050
2 0.845350 0.605667 0.179300 0.162033
2 0.855825 0.773258 0.179283 0.162050
2 0.691317 0.666050 0.179300 0.162033
2 0.699317 0.844733 0.179300 0.162033
2 0.545900 0.615525 0.179300 0.162050
2 0.544050 0.776342 0.179300 0.162050
2 0.399267 0.666667 0.179300 0.162033
2 0.245833 0.615525 0.179300 0.162050
2 0.237217 0.781883 0.179300 0.162033
2 0.396183 0.836725 0.179300 0.162050
