2 0.362907 0.778807 0.111529 0.088100
2 0.412536 0.528986 0.111529 0.088114
2 0.526800 0.529264 0.111514 0.088100
2 0.519407 0.447321 0.111529 0.088100
2 0.516329 0.375850 0.111514 0.088100
2 0.408500 0.375229 0.111514 0.088114
2 0.409736 0.454100 0.111529 0.088114
2 0.300064 0.534814 0.111529 0.088114
2 0.299443 0.446707 0.111514 0.088100
2 0.301293 0.375229 0.111529 0.088114
2 0.190386 0.372150 0.111514 0.088100
2 0.182993 0.447936 0.111529 0.088100
2 0.168821 0.539121 0.111529 0.088100
2 0.372764 0.680836 0.111529 0.088100
2 0.488600 0.768943 0.111514 0.088114
2 0.616757 0.762786 0.111514 0.088114
2 0.743071 0.680221 0.111514 0.088100
2 0.627850 0.607514 0.111529 0.088114
2 0.510164 0.609364 0.111529 0.088100
2 0.502771 0.691314 0.111514 0.088114
0 0.391279 0.607850 0.098586 0.068386
2 0.739986 0.610600 0.111514 0.088114
2 0.617993 0.691314 0.111529 0.088114
2 0.748614 0.776957 0.111514 0.088114
