0 0.805300 0.515100 0.129400 0.130000
2 0.314550 0.228583 0.131233 0.136767
2 0.309317 0.374617 0.131233 0.136767
2 0.303750 0.512633 0.131233 0.136800
2 0.304383 0.659883 0.131233 0.136767
2 0.702417 0.726433 0.131233 0.136800
2 0.691917 0.574250 0.131233 0.136767
2 0.694383 0.443000 0.131233 0.136800
2 0.693167 0.285900 0.131267 0.136800
0 0.200867 0.302217 0.129400 0.130033
0 0.200250 0.451633 0.129367 0.130000
0 0.199017 0.601367 0.129367 0.130000
0 0.406650 0.597667 0.129367 0.130000
0 0.409733 0.448567 0.129400 0.130000
0 0.415283 0.306833 0.129367 0.130000
0 0.809600 0.368467 0.129400 0.130000
0 0.590267 0.357367 0.129400 0.130000
0 0.592117 0.517567 0.129367 0.130000
0 0.586567 0.657433 0.129400 0.130000
0 0.806533 0.654333 0.129400 0.130000
