2 0.323154 0.119218 0.220293 0.238437
2 0.100996 0.122301 0.201992 0.244602
2 0.094873 0.435000 0.189746 0.343805
2 0.094268 0.812699 0.188535 0.343805
2 0.712744 0.117684 0.220293 0.235369
2 0.314990 0.817006 0.220293 0.343805
2 0.911445 0.117065 0.177109 0.234130
2 0.918994 0.459012 0.162012 0.343805
2 0.910635 0.831490 0.178730 0.337021
2 0.698877 0.821018 0.220293 0.316077
2 0.703369 0.452876 0.220293 0.343805
2 0.502646 0.635855 0.220293 0.343805
2 0.315010 0.440516 0.220293 0.343805
2 0.506318 0.270487 0.220293 0.343805
