2 0.638944 0.301292 0.223778 0.206417
2 0.852139 0.297597 0.223778 0.206417
2 0.471722 0.419292 0.223778 0.206417
2 0.849667 0.516944 0.223778 0.206389
2 0.845361 0.740597 0.223778 0.206417
2 0.640778 0.759708 0.223778 0.206417
2 0.643861 0.528028 0.223778 0.206389
2 0.468889 0.638931 0.223778 0.206417
2 0.284667 0.755389 0.223778 0.206389
2 0.103083 0.745542 0.206167 0.206417
2 0.101542 0.530500 0.203083 0.206389
2 0.299444 0.532958 0.223778 0.206417
2 0.302528 0.298819 0.223778 0.206417
2 0.098458 0.312375 0.196917 0.206417
