2 0.141958 0.234664 0.070623 0.133893
2 0.261128 0.377315 0.070623 0.133960
2 0.373294 0.230906 0.070623 0.133893
2 0.371840 0.507919 0.070623 0.133960
2 0.143442 0.511242 0.070623 0.133893
2 0.681632 0.579765 0.192226 0.425705
2 0.876261 0.531510 0.184570 0.436309
2 0.787033 0.318557 0.147003 0.345436
0 0.222151 0.228423 0.064718 0.144765
0 0.294970 0.221745 0.064718 0.144698
0 0.334674 0.374799 0.064718 0.144765
0 0.293858 0.524530 0.064748 0.144765
0 0.220668 0.536174 0.064718 0.144698
0 0.179110 0.372315 0.064748 0.144765
0 0.376973 0.784899 0.064748 0.144698
0 0.050757 0.709195 0.064718 0.144698
