3 0.735291 0.320601 0.186770 0.225913
3 0.733885 0.191022 0.129797 0.172764
3 0.540122 0.376238 0.166216 0.290697
3 0.416858 0.372909 0.117662 0.244183
3 0.531250 0.190192 0.133527 0.210962
3 0.323007 0.365445 0.099932 0.215938
3 0.340284 0.562284 0.127000 0.217596
3 0.439264 0.568101 0.115797 0.212644
3 0.242230 0.529904 0.119541 0.196010
3 0.168926 0.498341 0.109257 0.196010
3 0.166128 0.349651 0.090581 0.157813
3 0.250635 0.353810 0.098973 0.179399
3 0.248770 0.216767 0.110189 0.171082
3 0.327209 0.194351 0.076581 0.159471
3 0.381838 0.203474 0.086838 0.164447
3 0.464480 0.168606 0.102716 0.181058
3 0.603155 0.156971 0.086851 0.201010
