3 0.249971 0.844298 0.087832 0.130351
3 0.645264 0.833538 0.097871 0.124737
3 0.555488 0.824868 0.089375 0.123538
3 0.414873 0.766038 0.079355 0.116637
3 0.761650 0.784444 0.077676 0.154503
3 0.174687 0.824313 0.093203 0.117924
3 0.040986 0.761199 0.078770 0.098012
3 0.047949 0.949123 0.095898 0.101754
3 0.115322 0.962398 0.103184 0.075205
3 0.151943 0.766170 0.080996 0.117953
3 0.267900 0.732120 0.075449 0.106287
3 0.675664 0.507865 0.036602 0.053158
3 0.898135 0.646564 0.088770 0.104649
3 0.834883 0.716330 0.082109 0.107982
3 0.917002 0.737149 0.084316 0.106404
3 0.907568 0.929795 0.096543 0.136199
3 0.816025 0.923977 0.088770 0.137895
3 0.474854 0.729620 0.065527 0.131228
3 0.343896 0.702208 0.072129 0.096345
3 0.555830 0.560249 0.043262 0.064883
3 0.408252 0.860029 0.085449 0.109649
3 0.370527 0.917339 0.081016 0.117953
3 0.832676 0.574313 0.048828 0.056462
3 0.541953 0.738772 0.071016 0.106316
