3 0.274083 0.823838 0.327800 0.215950
3 0.704875 0.818025 0.378750 0.257475
3 0.655042 0.620344 0.221483 0.151163
3 0.370458 0.646094 0.205917 0.146188
3 0.405867 0.567275 0.143967 0.101500
3 0.624025 0.532394 0.177183 0.101487
3 0.410300 0.513294 0.143967 0.063287
3 0.443525 0.480900 0.112950 0.058300
3 0.591917 0.459300 0.112967 0.071600
3 0.454600 0.440119 0.104100 0.046512
3 0.587483 0.424506 0.090800 0.035237
3 0.567217 0.386756 0.064533 0.041163
3 0.544692 0.217100 0.058750 0.052150
3 0.476542 0.420588 0.068850 0.040475
3 0.480300 0.397881 0.058367 0.024988
