3 0.278721 0.461778 0.122637 0.182889
3 0.682842 0.555625 0.089941 0.128083
3 0.625029 0.711778 0.100449 0.167944
3 0.620918 0.872958 0.113320 0.194639
3 0.697441 0.820583 0.095781 0.182889
3 0.508809 0.735028 0.073594 0.134722
3 0.548525 0.799806 0.080605 0.154667
3 0.566631 0.664431 0.074746 0.139694
3 0.685176 0.676861 0.089922 0.147944
3 0.752920 0.781542 0.082910 0.157972
3 0.806641 0.754958 0.080586 0.144694
3 0.849277 0.724222 0.077070 0.123111
3 0.893076 0.696806 0.085254 0.131389
3 0.746494 0.650292 0.077090 0.141361
3 0.794385 0.631208 0.077090 0.129750
