3 0.427551 0.465896 0.221461 0.377097
3 0.626602 0.463472 0.193359 0.342222
3 0.809766 0.452639 0.195312 0.327222
3 0.676133 0.200986 0.184141 0.338861
3 0.495352 0.215139 0.209297 0.337222
3 0.384137 0.754167 0.226117 0.312222
3 0.585508 0.757500 0.206484 0.355556
3 0.766289 0.735083 0.201797 0.350444
3 0.925195 0.709306 0.149609 0.338889
3 0.299066 0.350438 0.140164 0.262458
3 0.422402 0.157757 0.128945 0.245847
9 0.172926 0.661903 0.085961 0.157806
9 0.230387 0.846292 0.101852 0.174417
9 0.267766 0.636160 0.088766 0.139542
9 0.073879 0.749118 0.082227 0.172764
9 0.097238 0.617882 0.080352 0.139542
9 0.024324 0.831340 0.048648 0.154486
9 0.016852 0.695958 0.033703 0.139528
9 0.042078 0.523194 0.084156 0.159472
9 0.109383 0.493299 0.065406 0.099681
9 0.159840 0.536493 0.067273 0.079736
1 0.203758 0.293132 0.061672 0.101319
1 0.226184 0.195125 0.061664 0.098000
1 0.122934 0.288153 0.062602 0.107972
1 0.031832 0.311417 0.056070 0.108000
1 0.025258 0.117882 0.050516 0.102986
1 0.135082 0.142799 0.062602 0.102986
1 0.320555 0.195958 0.052328 0.083056
1 0.072008 0.294799 0.056063 0.088042
1 0.066871 0.220875 0.056992 0.073083
1 0.234594 0.136153 0.052328 0.083056
1 0.276641 0.210076 0.046719 0.084708
9 0.017316 0.387819 0.034633 0.124583
