3 0.450222 0.529867 0.156178 0.143022
3 0.300733 0.921889 0.295689 0.146356
3 0.582267 0.917711 0.277422 0.164578
3 0.864644 0.891156 0.270711 0.207822
3 0.122156 0.721733 0.177733 0.164622
3 0.311511 0.743333 0.197689 0.104800
3 0.301533 0.825556 0.247511 0.106489
3 0.539911 0.809778 0.219289 0.157956
3 0.757511 0.798178 0.212622 0.154578
3 0.694422 0.705956 0.182711 0.116444
3 0.786600 0.643667 0.154444 0.118089
3 0.297400 0.676067 0.182711 0.119778
3 0.453533 0.693489 0.166089 0.141378
3 0.937733 0.757356 0.124533 0.139511
3 0.872133 0.706800 0.176089 0.121422
3 0.612178 0.649467 0.157778 0.099822
3 0.931933 0.628711 0.136133 0.084889
