3 0.194964 0.598365 0.298473 0.385123
3 0.107136 0.875368 0.214273 0.249264
3 0.353145 0.816512 0.236218 0.342071
3 0.400227 0.495981 0.231436 0.346839
3 0.074418 0.315381 0.148836 0.416213
3 0.250191 0.222098 0.244200 0.368392
3 0.578200 0.431403 0.213891 0.298992
3 0.749782 0.360831 0.212291 0.287057
3 0.899018 0.869387 0.178764 0.261226
3 0.911200 0.315395 0.177600 0.287030
3 0.613309 0.155300 0.207491 0.310599
3 0.787291 0.126594 0.213891 0.253188
3 0.936745 0.093106 0.126509 0.186213
3 0.443327 0.204155 0.193127 0.308583
3 0.900027 0.574932 0.199945 0.313351
