3 0.378057 0.823230 0.181289 0.239438
3 0.715693 0.830407 0.181289 0.225084
3 0.604253 0.536187 0.144697 0.167683
3 0.480347 0.497914 0.119756 0.167683
3 0.863716 0.395056 0.124736 0.129410
3 0.761426 0.442900 0.129727 0.124621
3 0.055557 0.428546 0.111113 0.138975
3 0.172651 0.232409 0.113096 0.124621
3 0.315693 0.142704 0.063203 0.098301
3 0.247500 0.145098 0.076504 0.083961
3 0.590117 0.098448 0.086484 0.105492
3 0.494482 0.234796 0.094805 0.110267
3 0.274941 0.469213 0.114766 0.172472
3 0.333989 0.348420 0.123076 0.088750
3 0.511948 0.393869 0.116416 0.079171
3 0.674111 0.355590 0.098125 0.083961
3 0.693257 0.201770 0.080068 0.074045
3 0.565415 0.220681 0.072725 0.098525
3 0.488281 0.063645 0.059414 0.053413
3 0.215347 0.094684 0.066846 0.070098
3 0.711772 0.124600 0.069834 0.052963
3 0.936665 0.538104 0.114756 0.108483
3 0.408550 0.454024 0.099795 0.141531
