3 0.576712 0.513245 0.116366 0.153005
3 0.793378 0.621869 0.131802 0.185390
3 0.932252 0.641800 0.135495 0.209289
3 0.090353 0.659736 0.180706 0.269106
3 0.429294 0.857282 0.241411 0.285436
3 0.651134 0.884186 0.270135 0.231628
3 0.165668 0.888177 0.197102 0.223647
3 0.322282 0.572030 0.103093 0.129564
3 0.400586 0.598945 0.105706 0.115596
3 0.488671 0.634828 0.099174 0.103647
3 0.588498 0.642787 0.118739 0.111628
3 0.639392 0.738475 0.157913 0.143509
3 0.287057 0.801273 0.155285 0.237225
3 0.643311 0.425516 0.087432 0.151491
3 0.670706 0.631835 0.076997 0.093670
3 0.025946 0.439083 0.051892 0.073761
