3 0.507904 0.788305 0.301150 0.423390
3 0.827755 0.806553 0.307644 0.386895
3 0.168859 0.805556 0.337718 0.388889
1 0.021855 0.538433 0.043711 0.089915
1 0.077458 0.558376 0.064898 0.085926
1 0.035482 0.468675 0.070965 0.081909
1 0.069666 0.328148 0.054508 0.063989
1 0.116391 0.417835 0.054527 0.079943
1 0.161800 0.460712 0.054583 0.065983
1 0.012115 0.403889 0.024230 0.075926
1 0.014063 0.340100 0.028126 0.083903
1 0.030288 0.285285 0.044991 0.073932
1 0.035482 0.619174 0.070965 0.095897
1 0.147551 0.517521 0.051911 0.067977
