3 0.595590 0.485599 0.258153 0.341479
3 0.851875 0.433110 0.253056 0.376080
3 0.344917 0.524977 0.254750 0.364554
3 0.213292 0.801972 0.266639 0.373146
3 0.494375 0.761784 0.234361 0.321502
3 0.721951 0.724472 0.227569 0.310023
3 0.913625 0.672805 0.172750 0.287066
3 0.793021 0.164577 0.229319 0.304695
3 0.185896 0.515610 0.166292 0.285258
3 0.106285 0.539531 0.186347 0.281268
3 0.805764 0.883216 0.199556 0.233568
3 0.317236 0.257031 0.214000 0.272981
3 0.215340 0.259894 0.176625 0.272981
3 0.302799 0.081937 0.202097 0.163873
