3 0.286493 0.423678 0.116868 0.196013
3 0.521243 0.404424 0.113426 0.194350
3 0.655287 0.450928 0.106544 0.187697
3 0.827713 0.425181 0.105397 0.176077
3 0.392816 0.795981 0.206221 0.261130
3 0.622404 0.778049 0.184221 0.261130
3 0.171463 0.897495 0.197985 0.205011
3 0.085044 0.783017 0.170088 0.239211
3 0.245015 0.735181 0.155353 0.251173
3 0.550228 0.660426 0.155368 0.201322
3 0.779824 0.605618 0.111353 0.143518
3 0.960368 0.505949 0.079265 0.123582
3 0.851316 0.659435 0.108603 0.139552
3 0.070610 0.665416 0.141221 0.083710
3 0.336449 0.593646 0.126485 0.115608
3 0.656779 0.609606 0.093500 0.103646
