3 0.509983 0.845462 0.112454 0.166280
3 0.609307 0.834683 0.090401 0.174591
3 0.620351 0.667678 0.078831 0.116359
3 0.457963 0.791491 0.088280 0.151319
3 0.492120 0.690989 0.106144 0.156332
3 0.576194 0.718404 0.074624 0.091530
3 0.095843 0.806438 0.162972 0.194512
3 0.240401 0.774868 0.138731 0.227731
3 0.148957 0.641979 0.151336 0.184538
3 0.300851 0.530699 0.112487 0.161293
3 0.414866 0.534842 0.107195 0.169578
3 0.521027 0.533193 0.115609 0.166280
3 0.630851 0.525712 0.108247 0.154644
3 0.080651 0.529868 0.119833 0.166280
3 0.190467 0.519103 0.114558 0.148074
3 0.296628 0.276530 0.108247 0.171266
3 0.400150 0.283179 0.107212 0.157968
3 0.502104 0.276530 0.107212 0.164617
3 0.601427 0.272375 0.108264 0.162955
3 0.565693 0.403615 0.112454 0.159631
3 0.458489 0.409433 0.108264 0.157968
3 0.359691 0.409433 0.112471 0.157968
3 0.240918 0.401121 0.116661 0.164617
3 0.138447 0.391148 0.117730 0.161293
3 0.042947 0.401121 0.085893 0.187889
3 0.085893 0.270712 0.111419 0.173087
