3 0.571338 0.535909 0.171270 0.167419
3 0.759062 0.572698 0.126133 0.195543
3 0.920361 0.588651 0.143379 0.223460
3 0.883193 0.752097 0.154004 0.183607
3 0.874561 0.912874 0.150020 0.174252
3 0.681396 0.778006 0.138066 0.227449
3 0.567217 0.701261 0.138066 0.161642
3 0.591113 0.959721 0.111523 0.080557
3 0.754414 0.952742 0.116836 0.094516
3 0.721221 0.868710 0.095605 0.173607
3 0.579170 0.835762 0.135410 0.179501
3 0.952881 0.782991 0.094238 0.165630
3 0.663467 0.599589 0.136738 0.197537
3 0.759062 0.391305 0.110195 0.135748
3 0.892480 0.457082 0.108867 0.131760
3 0.958857 0.310572 0.082285 0.173636
3 0.916406 0.214883 0.090234 0.149707
3 0.828086 0.168050 0.091602 0.135748
3 0.896465 0.055161 0.100898 0.110323
3 0.761719 0.093109 0.102227 0.186217
3 0.768350 0.252757 0.099590 0.137771
3 0.605059 0.347419 0.123477 0.191613
3 0.672764 0.441129 0.126113 0.155689
3 0.639570 0.060117 0.104883 0.120235
3 0.934297 0.131158 0.107539 0.141730
3 0.593770 0.205909 0.092930 0.171642
3 0.551953 0.094282 0.094258 0.163636
3 0.350156 0.132155 0.123477 0.155689
3 0.476309 0.150029 0.096992 0.171496
3 0.517441 0.279677 0.091602 0.139765
3 0.438437 0.348446 0.095586 0.185572
3 0.343516 0.285645 0.120820 0.167654
3 0.433135 0.529839 0.124785 0.149707
3 0.443086 0.675352 0.112852 0.157683
3 0.442432 0.824853 0.132754 0.153695
3 0.461680 0.939780 0.181875 0.120440
3 0.285107 0.889018 0.144707 0.190293
3 0.349492 0.737141 0.103555 0.181613
3 0.229346 0.804912 0.139395 0.153695
3 0.129111 0.903592 0.156660 0.163666
3 0.073184 0.772023 0.146367 0.155660
3 0.349775 0.576085 0.103574 0.153695
3 0.269434 0.675748 0.094258 0.157654
3 0.137344 0.652830 0.135430 0.147713
3 0.170537 0.519267 0.164629 0.183578
3 0.295996 0.419589 0.104883 0.215484
3 0.134023 0.380733 0.107539 0.193548
3 0.226953 0.292023 0.110195 0.151672
3 0.027520 0.413548 0.055039 0.163519
3 0.028184 0.595015 0.056367 0.159648
3 0.083574 0.251173 0.107539 0.193548
3 0.221641 0.153490 0.099570 0.177595
3 0.276074 0.041408 0.096914 0.082815
3 0.088887 0.064370 0.123477 0.128739
3 0.174512 0.045396 0.116836 0.090792
3 0.150586 0.156481 0.076953 0.171613
