3 0.341283 0.787097 0.274600 0.425806
3 0.616850 0.794150 0.270533 0.411701
3 0.868583 0.792947 0.262833 0.414106
3 0.124558 0.788167 0.249117 0.423666
3 0.227358 0.603842 0.171283 0.289443
3 0.402733 0.576334 0.157700 0.287038
3 0.577425 0.603842 0.161783 0.299003
3 0.758917 0.649296 0.168567 0.342053
3 0.218525 0.384971 0.066617 0.114809
3 0.285133 0.375411 0.074767 0.114809
3 0.155967 0.385044 0.063933 0.114956
3 0.094808 0.371877 0.066617 0.112551
3 0.517608 0.387390 0.058450 0.108504
3 0.580792 0.384985 0.059750 0.095718
3 0.682717 0.516569 0.113433 0.229677
3 0.398042 0.370469 0.060050 0.099648
3 0.457633 0.373856 0.060033 0.079736
