3 0.150890 0.885946 0.155015 0.217470
3 0.289838 0.895130 0.148853 0.209740
3 0.429912 0.899102 0.136353 0.193759
3 0.571926 0.898121 0.150029 0.203759
3 0.717000 0.893144 0.145118 0.205674
3 0.858956 0.893144 0.138853 0.193853
3 0.454118 0.787376 0.136353 0.193759
3 0.581838 0.789385 0.136353 0.165910
3 0.715735 0.779385 0.133824 0.193759
3 0.826735 0.793345 0.120235 0.193783
3 0.316949 0.784634 0.132721 0.193759
3 0.182721 0.784078 0.129853 0.155721
3 0.211765 0.684917 0.109706 0.161608
3 0.313691 0.675059 0.109706 0.161608
3 0.427809 0.689468 0.112618 0.155816
3 0.547243 0.688889 0.127574 0.161608
3 0.675713 0.687116 0.124750 0.181324
3 0.801279 0.676253 0.123294 0.134019
3 0.744956 0.609917 0.105382 0.130520
3 0.652390 0.618546 0.099632 0.129338
3 0.425647 0.461643 0.109706 0.161584
3 0.606471 0.387825 0.109706 0.161608
