3 0.582652 0.795428 0.345914 0.409144
3 0.870230 0.818159 0.259539 0.363681
3 0.275797 0.773904 0.301281 0.452192
3 0.085691 0.764338 0.171383 0.471325
3 0.200875 0.527597 0.189687 0.227479
3 0.405711 0.562280 0.223172 0.354267
3 0.627289 0.579027 0.235922 0.344689
3 0.871027 0.600551 0.257945 0.335123
3 0.837703 0.435504 0.216797 0.268148
3 0.640039 0.446243 0.181719 0.222638
3 0.460707 0.434308 0.176945 0.256190
3 0.295723 0.429525 0.130711 0.160504
3 0.353105 0.357761 0.121148 0.122227
3 0.642430 0.331460 0.141875 0.160528
3 0.094871 0.343406 0.178539 0.265756
3 0.194500 0.289590 0.135500 0.220305
3 0.415277 0.138892 0.041445 0.057644
3 0.607766 0.135909 0.027047 0.036038
3 0.626402 0.141876 0.024883 0.032872
