3 0.903056 0.461231 0.193887 0.598000
3 0.696801 0.387677 0.231541 0.459508
3 0.709589 0.767931 0.286727 0.464138
3 0.534589 0.729738 0.200571 0.430800
3 0.378433 0.893515 0.208658 0.212969
3 0.261991 0.836108 0.164225 0.327785
3 0.400623 0.646015 0.166961 0.344677
3 0.535247 0.341031 0.172277 0.394923
3 0.809208 0.093431 0.179039 0.186862
3 0.344104 0.294385 0.140000 0.292062
3 0.432281 0.324285 0.146727 0.351862
3 0.310455 0.573062 0.148078 0.313600
3 0.189299 0.796708 0.137316 0.311200
3 0.226974 0.504862 0.129273 0.277662
3 0.378433 0.092238 0.146736 0.184477
3 0.131411 0.708208 0.118459 0.272938
3 0.091701 0.655585 0.125186 0.249015
3 0.175835 0.474985 0.118459 0.237046
3 0.202758 0.253723 0.107697 0.239446
3 0.039043 0.348538 0.078087 0.135785
3 0.065619 0.243331 0.079463 0.141338
3 0.109636 0.091069 0.066216 0.121954
3 0.033589 0.084146 0.067177 0.110877
3 0.037874 0.184500 0.075749 0.120569
3 0.130277 0.291092 0.079463 0.162092
