3 0.871653 0.373523 0.256694 0.271108
3 0.926068 0.153446 0.147864 0.257108
3 0.175975 0.806285 0.351951 0.255154
3 0.872854 0.872246 0.254292 0.255508
3 0.773645 0.597977 0.375133 0.229246
3 0.713778 0.784354 0.345873 0.211292
3 0.298737 0.945000 0.409713 0.110000
3 0.085513 0.553131 0.171027 0.299000
3 0.161345 0.398669 0.322690 0.189431
3 0.237536 0.611931 0.271376 0.205308
3 0.379887 0.636862 0.226140 0.159508
3 0.402495 0.808269 0.202197 0.199338
3 0.695154 0.154454 0.250103 0.159462
3 0.765657 0.053308 0.215503 0.106615
3 0.168368 0.092177 0.239446 0.184354
3 0.277454 0.253154 0.244764 0.165385
3 0.368470 0.507246 0.262361 0.163354
3 0.385359 0.396577 0.212977 0.137462
3 0.700277 0.426092 0.237105 0.147785
3 0.784179 0.264015 0.195544 0.169692
3 0.319209 0.165385 0.189384 0.127015
3 0.443142 0.227085 0.129322 0.111985
3 0.614815 0.288815 0.161663 0.113169
3 0.637474 0.365838 0.168131 0.112262
3 0.427207 0.091338 0.152977 0.072092
3 0.435400 0.157262 0.160370 0.106554
