3 0.191924 0.596852 0.310964 0.402656
3 0.244016 0.231871 0.255146 0.360805
3 0.614115 0.153313 0.203323 0.306625
3 0.794182 0.125402 0.194021 0.250805
3 0.750992 0.368414 0.208641 0.287047
3 0.580891 0.433199 0.205979 0.300992
3 0.440693 0.204961 0.199333 0.299000
3 0.070844 0.317586 0.141688 0.408641
3 0.108055 0.876566 0.216109 0.246867
3 0.353651 0.814758 0.235219 0.334547
3 0.553651 0.732203 0.217938 0.340859
3 0.741690 0.643496 0.229901 0.330898
3 0.898419 0.578715 0.203161 0.332883
3 0.915695 0.314598 0.168609 0.283055
3 0.879818 0.855637 0.219115 0.288727
