3 0.404153 0.489256 0.199581 0.366778
3 0.611025 0.442817 0.213037 0.362789
3 0.520763 0.760756 0.187250 0.392689
3 0.727638 0.754778 0.215288 0.400667
3 0.919322 0.738844 0.161356 0.380756
3 0.303322 0.798667 0.193769 0.402667
3 0.108906 0.825000 0.203188 0.350000
3 0.188287 0.500622 0.203175 0.380578
3 0.044022 0.500622 0.088044 0.380578
3 0.198378 0.202817 0.212594 0.335122
3 0.394825 0.199228 0.164150 0.323167
3 0.600687 0.159756 0.166850 0.272933
3 0.774259 0.177694 0.185681 0.289678
3 0.930187 0.145717 0.139625 0.291433
3 0.052769 0.183678 0.105538 0.330333
