3 0.414492 0.746096 0.274805 0.461667
3 0.670293 0.695278 0.247656 0.454708
3 0.907451 0.658202 0.185098 0.366228
3 0.217314 0.694079 0.188535 0.337515
3 0.321982 0.466842 0.222090 0.327953
3 0.531289 0.462061 0.206133 0.289678
3 0.732617 0.417836 0.212500 0.273099
3 0.796523 0.179795 0.231680 0.318363
3 0.934609 0.312544 0.130781 0.277719
3 0.445811 0.179795 0.230098 0.351871
3 0.617568 0.238392 0.170957 0.229883
3 0.255664 0.237208 0.194922 0.265760
3 0.110264 0.421389 0.204512 0.308801
3 0.071113 0.126433 0.142227 0.252865
3 0.120713 0.907325 0.241426 0.185351
3 0.063184 0.740161 0.126367 0.356228
