3 0.547996 0.568921 0.272625 0.400335
3 0.254955 0.464268 0.286973 0.397014
3 0.099883 0.687693 0.199766 0.574750
3 0.340494 0.802316 0.281457 0.395367
3 0.843801 0.579718 0.219648 0.335544
3 0.912795 0.313936 0.174410 0.295679
3 0.496277 0.229818 0.284766 0.332887
3 0.157867 0.163248 0.270195 0.326496
3 0.706869 0.205897 0.192051 0.304985
3 0.798547 0.125409 0.213023 0.250817
3 0.684861 0.488354 0.186535 0.302328
3 0.693471 0.757957 0.184324 0.250835
3 0.776473 0.913613 0.186531 0.172775
3 0.913898 0.894509 0.172203 0.210982
3 0.936525 0.632034 0.126949 0.353804
