3 0.596208 0.489390 0.250028 0.334883
3 0.346069 0.514542 0.257139 0.350728
3 0.209889 0.795692 0.255889 0.358850
3 0.494722 0.768779 0.235833 0.304930
3 0.718194 0.718862 0.232222 0.309085
3 0.914806 0.670998 0.170389 0.273075
3 0.846125 0.433791 0.257111 0.372746
3 0.791868 0.156714 0.231153 0.300986
3 0.943111 0.141643 0.113778 0.283286
3 0.318340 0.257371 0.208764 0.279061
3 0.301826 0.073873 0.201681 0.147746
3 0.203347 0.267336 0.148611 0.251150
3 0.184479 0.518498 0.174542 0.295023
3 0.100757 0.306209 0.127347 0.257160
3 0.177403 0.099789 0.113222 0.199577
3 0.612583 0.174648 0.141556 0.324930
3 0.595028 0.911643 0.223111 0.176714
3 0.803882 0.880082 0.194597 0.239836
