4 0.668125 0.343161 0.116417 0.093010
4 0.387097 0.780693 0.248056 0.159469
4 0.750333 0.732516 0.181611 0.152823
4 0.905062 0.782349 0.189875 0.146177
4 0.887347 0.652786 0.225306 0.152823
4 0.062875 0.827203 0.125750 0.122927
4 0.172257 0.753281 0.177181 0.181062
4 0.073944 0.682682 0.147889 0.146177
4 0.392639 0.661089 0.192694 0.139531
4 0.558736 0.697635 0.183861 0.162792
4 0.554319 0.529031 0.161694 0.081396
4 0.732708 0.524875 0.150417 0.076417
4 0.888688 0.523802 0.179431 0.085792
4 0.821938 0.462521 0.201875 0.094604
4 0.445958 0.493359 0.144194 0.132260
4 0.557576 0.455313 0.140986 0.097813
4 0.249396 0.546234 0.127042 0.098615
4 0.097750 0.557063 0.180500 0.080167
4 0.154361 0.473734 0.189056 0.121844
4 0.254229 0.382010 0.149542 0.069771
4 0.426701 0.368396 0.137847 0.069771
4 0.165042 0.371198 0.124972 0.083396
4 0.294819 0.335151 0.138861 0.072177
4 0.437410 0.325958 0.118569 0.066625
4 0.539951 0.350370 0.120708 0.105823
4 0.723667 0.379208 0.146333 0.049750
4 0.781896 0.330740 0.136764 0.103417
4 0.676917 0.240167 0.117444 0.041771
4 0.773035 0.217198 0.126708 0.071854
4 0.668569 0.210271 0.106944 0.048729
4 0.460903 0.252224 0.103194 0.055677
4 0.484368 0.215609 0.114347 0.079760
4 0.257521 0.244344 0.101986 0.075146
4 0.355493 0.226729 0.106319 0.056604
4 0.337875 0.183380 0.097056 0.042240
4 0.279431 0.173187 0.070528 0.058000
4 0.374958 0.166229 0.078500 0.056146
4 0.467062 0.156484 0.093347 0.053385
4 0.324583 0.118016 0.081583 0.048719
4 0.566271 0.104125 0.061819 0.041333
4 0.647861 0.102943 0.072944 0.036198
4 0.728521 0.146292 0.062431 0.050583
4 0.645104 0.158115 0.071042 0.039917
4 0.558854 0.155328 0.091486 0.063094
4 0.405562 0.109203 0.076653 0.039448
4 0.700313 0.093432 0.077625 0.040240
