4 0.164023 0.895980 0.266328 0.208041
4 0.782246 0.628801 0.326133 0.446842
4 0.352441 0.413202 0.195742 0.358801
4 0.548838 0.488012 0.223691 0.428655
4 0.408398 0.723158 0.267578 0.312982
4 0.424668 0.906067 0.249336 0.187865
4 0.697139 0.910848 0.270020 0.178304
4 0.825166 0.226754 0.211777 0.324854
4 0.681328 0.155775 0.169102 0.311550
4 0.506230 0.159766 0.223711 0.319532
4 0.282539 0.152792 0.189062 0.305585
4 0.069365 0.329503 0.138730 0.366784
4 0.119424 0.653406 0.206387 0.376754
4 0.137910 0.311111 0.158164 0.323158
