4 0.543562 0.789867 0.219275 0.420267
4 0.767587 0.767850 0.248175 0.464300
4 0.909212 0.694267 0.181575 0.420800
4 0.316100 0.746150 0.251150 0.401033
4 0.108713 0.762000 0.217425 0.392667
4 0.143425 0.430233 0.207800 0.307000
4 0.337725 0.403317 0.189950 0.372767
4 0.571800 0.421267 0.206400 0.316933
4 0.755625 0.445083 0.194350 0.321100
4 0.889025 0.318600 0.221950 0.366800
4 0.473813 0.194183 0.189875 0.388367
4 0.255550 0.113450 0.130050 0.226900
4 0.112775 0.113450 0.119600 0.226900
4 0.710788 0.131133 0.143525 0.171600
