4 0.888850 0.615536 0.055033 0.142976
4 0.921333 0.768482 0.084667 0.156012
4 0.653950 0.916101 0.117233 0.167798
4 0.741033 0.887113 0.101400 0.181250
4 0.796367 0.843095 0.100467 0.182857
4 0.868467 0.806577 0.079067 0.179583
4 0.557767 0.762560 0.112533 0.197857
4 0.645683 0.728482 0.089300 0.179583
4 0.713117 0.682827 0.088367 0.174583
4 0.781550 0.651250 0.087567 0.164643
4 0.840083 0.626310 0.068833 0.161310
4 0.701950 0.466042 0.086500 0.202798
4 0.759633 0.481815 0.056733 0.151369
4 0.818700 0.461042 0.078133 0.146369
4 0.576850 0.315685 0.087433 0.181250
4 0.649867 0.300744 0.079067 0.191250
4 0.719183 0.286577 0.074367 0.182798
4 0.786600 0.272530 0.077200 0.171250
4 0.491283 0.315149 0.096767 0.176845
4 0.371917 0.128899 0.116100 0.165417
4 0.458533 0.110595 0.096000 0.221190
4 0.550633 0.113542 0.094867 0.175417
4 0.620383 0.105595 0.102700 0.203333
4 0.696283 0.112440 0.069233 0.173690
4 0.761033 0.106577 0.082600 0.169464
4 0.936367 0.582321 0.077200 0.159643
