4 0.347378 0.242897 0.179297 0.358918
4 0.073520 0.644483 0.147041 0.372764
4 0.251250 0.532849 0.215149 0.408630
4 0.941635 0.887524 0.116730 0.224952
4 0.852459 0.681298 0.173730 0.327019
4 0.668108 0.655457 0.197216 0.398702
4 0.781845 0.861611 0.231959 0.276779
4 0.553811 0.865589 0.237568 0.268822
4 0.106574 0.866587 0.213149 0.266827
4 0.309520 0.840673 0.217392 0.318654
4 0.447574 0.587873 0.231959 0.442524
4 0.114027 0.273930 0.213189 0.389159
4 0.779736 0.450493 0.188635 0.308966
4 0.524338 0.357464 0.152216 0.368774
4 0.630324 0.329219 0.127000 0.338870
