4 0.604092 0.836354 0.185371 0.273073
4 0.463857 0.807552 0.146504 0.233438
4 0.362207 0.759714 0.131562 0.193542
4 0.406299 0.160677 0.091191 0.155729
4 0.296416 0.482630 0.083730 0.177604
4 0.483252 0.165690 0.077637 0.153672
4 0.560293 0.143763 0.100156 0.165651
4 0.653730 0.128815 0.116602 0.171641
4 0.762119 0.112878 0.124082 0.179609
4 0.880225 0.099896 0.133066 0.149688
4 0.908623 0.287279 0.145020 0.181589
4 0.784551 0.293255 0.115117 0.169635
4 0.676152 0.304232 0.119609 0.155703
4 0.577490 0.307240 0.107637 0.153750
4 0.482549 0.305234 0.100176 0.161667
4 0.406309 0.306159 0.088203 0.159557
4 0.341270 0.316185 0.089687 0.143724
4 0.120010 0.465690 0.077754 0.143724
4 0.175322 0.472669 0.086699 0.141745
4 0.238857 0.475664 0.079238 0.175599
4 0.366680 0.485638 0.104648 0.195547
4 0.447422 0.500638 0.104648 0.197682
4 0.545332 0.510547 0.121133 0.229427
4 0.663447 0.528477 0.130059 0.225443
4 0.802480 0.531484 0.168945 0.279271
4 0.152900 0.670013 0.110645 0.177630
4 0.214189 0.712812 0.101660 0.143854
4 0.275498 0.737734 0.101660 0.157760
