4 0.603931 0.153400 0.129556 0.225250
4 0.412903 0.747413 0.177194 0.293025
4 0.546347 0.831138 0.111861 0.233225
4 0.686986 0.699562 0.142861 0.229225
4 0.742361 0.871000 0.142861 0.241200
4 0.814896 0.567013 0.157264 0.267125
4 0.805479 0.364687 0.162792 0.245175
4 0.653764 0.464350 0.140639 0.305000
4 0.511458 0.520162 0.126250 0.237225
4 0.338701 0.543088 0.130681 0.283075
4 0.728521 0.302887 0.104097 0.145525
4 0.155868 0.872513 0.126236 0.254975
4 0.254542 0.711525 0.126250 0.312950
4 0.254542 0.913075 0.101889 0.173850
4 0.334278 0.933787 0.117389 0.131575
4 0.454979 0.931012 0.146181 0.137975
