4 0.814562 0.529859 0.186042 0.146177
4 0.176687 0.701781 0.239208 0.194354
4 0.399278 0.690156 0.205972 0.174417
4 0.652875 0.685177 0.225917 0.151167
4 0.873257 0.678531 0.201542 0.157812
4 0.607465 0.543172 0.192708 0.146135
4 0.387097 0.527370 0.190472 0.114615
4 0.196618 0.529859 0.212625 0.146177
4 0.197729 0.376203 0.157264 0.088031
4 0.379347 0.343813 0.166111 0.149500
4 0.635174 0.365417 0.194931 0.066458
4 0.224306 0.284839 0.157250 0.058135
4 0.544382 0.283990 0.150681 0.129521
4 0.704917 0.267391 0.139556 0.132906
