4 0.802446 0.351443 0.060200 0.099977
4 0.861677 0.316836 0.059554 0.099977
4 0.397215 0.511594 0.070446 0.105751
4 0.348546 0.454873 0.073000 0.119215
4 0.391450 0.402488 0.079408 0.131697
4 0.492631 0.437061 0.081969 0.125878
4 0.735846 0.258193 0.079400 0.149965
4 0.785458 0.281732 0.062146 0.114365
4 0.831262 0.263961 0.057631 0.109584
4 0.355592 0.560139 0.065323 0.108637
4 0.165096 0.436126 0.041654 0.116316
4 0.158358 0.309723 0.089654 0.153811
4 0.321923 0.503482 0.067846 0.085115
4 0.286808 0.579677 0.065615 0.089838
4 0.261512 0.491657 0.067500 0.129734
4 0.659546 0.362084 0.085215 0.134723
4 0.382127 0.850208 0.088531 0.187714
