4 0.187576 0.435833 0.046262 0.064967
4 0.226930 0.434231 0.061285 0.072979
4 0.271090 0.429826 0.051069 0.080188
4 0.250362 0.357047 0.052872 0.084914
4 0.409878 0.427022 0.058279 0.106624
4 0.386446 0.583634 0.059479 0.070575
4 0.395459 0.510736 0.053472 0.093006
4 0.454038 0.510329 0.075704 0.097001
4 0.472361 0.588444 0.072698 0.086604
4 0.666375 0.301534 0.072597 0.118889
4 0.638337 0.385985 0.067592 0.116892
4 0.616057 0.444398 0.072098 0.076171
4 0.577254 0.472103 0.041558 0.064821
4 0.591023 0.512158 0.058078 0.080843
4 0.637586 0.479780 0.062086 0.081511
4 0.686146 0.409686 0.065099 0.092189
4 0.766512 0.360618 0.066590 0.094193
4 0.831849 0.363957 0.062086 0.079507
4 0.852376 0.301199 0.063085 0.099521
4 0.892681 0.361953 0.063586 0.080843
4 0.854881 0.427042 0.063085 0.109547
4 0.956767 0.425041 0.067592 0.097536
4 0.967243 0.492135 0.065513 0.090202
4 0.898188 0.506147 0.074601 0.096865
4 0.830296 0.501242 0.076605 0.104144
4 0.760002 0.500141 0.071597 0.094196
4 0.691158 0.498472 0.064087 0.098869
4 0.620813 0.538859 0.064588 0.087520
4 0.601176 0.603380 0.057679 0.076104
4 0.349390 0.642932 0.068522 0.083059
4 0.265301 0.584805 0.062304 0.079729
4 0.203006 0.598915 0.072262 0.094696
4 0.196775 0.673661 0.072259 0.101329
4 0.254084 0.668679 0.072259 0.094686
4 0.415420 0.625489 0.073504 0.121263
4 0.672066 0.569841 0.075997 0.086376
4 0.734358 0.572333 0.058557 0.091359
4 0.799764 0.572333 0.082227 0.088039
4 0.863926 0.573163 0.071012 0.089699
4 0.939922 0.573995 0.095930 0.101329
4 0.947397 0.651237 0.071014 0.079735
4 0.883237 0.646250 0.069767 0.093016
4 0.819075 0.641270 0.061047 0.086376
4 0.761143 0.643770 0.064782 0.088056
4 0.698788 0.646478 0.069144 0.090377
4 0.638054 0.644592 0.059799 0.086379
4 0.430620 0.727649 0.068522 0.119603
4 0.368327 0.717682 0.071014 0.112956
4 0.339673 0.804061 0.068522 0.102989
4 0.269282 0.749244 0.079735 0.096346
4 0.434511 0.352120 0.064286 0.107427
4 0.227831 0.511255 0.070295 0.104944
4 0.304735 0.486301 0.052272 0.068171
4 0.323664 0.537571 0.044452 0.058562
4 0.284608 0.550789 0.057679 0.062563
4 0.159639 0.617278 0.049268 0.064167
4 0.170155 0.551189 0.052264 0.072979
4 0.187576 0.499120 0.045062 0.082593
4 0.461849 0.429825 0.050469 0.094610
4 0.482323 0.802399 0.084720 0.093026
4 0.504748 0.892932 0.092195 0.094686
4 0.497997 0.648065 0.068093 0.083499
4 0.198893 0.758380 0.071014 0.088042
4 0.147813 0.730971 0.075997 0.106313
4 0.111683 0.810706 0.071014 0.116280
4 0.256202 0.830638 0.085965 0.099669
4 0.054592 0.607465 0.077001 0.080751
4 0.026734 0.545519 0.053467 0.096898
4 0.025434 0.478037 0.050868 0.068065
4 0.329084 0.901237 0.094685 0.107976
4 0.424390 0.913695 0.098423 0.116280
4 0.175222 0.841437 0.088455 0.098006
4 0.400719 0.809868 0.093438 0.097989
