4 0.316993 0.534355 0.376340 0.253546
4 0.481242 0.413554 0.322135 0.188971
4 0.761340 0.395074 0.289085 0.206814
4 0.225969 0.275686 0.388322 0.342222
4 0.632451 0.269951 0.271307 0.188399
4 0.455272 0.213889 0.263922 0.192549
4 0.658943 0.109722 0.215316 0.174183
4 0.882538 0.315629 0.234924 0.175343
4 0.940980 0.196814 0.118039 0.115359
4 0.349782 0.082263 0.267625 0.164526
4 0.868115 0.102222 0.218410 0.136111
4 0.544717 0.888456 0.433747 0.223088
4 0.171253 0.939404 0.342505 0.121193
4 0.139357 0.797475 0.278715 0.239199
4 0.419052 0.705384 0.376362 0.308578
4 0.817963 0.790302 0.364074 0.296618
4 0.650272 0.590564 0.334880 0.222467
4 0.873780 0.529567 0.252440 0.248775
4 0.088333 0.578611 0.176667 0.241601
