4 0.482938 0.108434 0.199675 0.216868
4 0.429688 0.319925 0.178775 0.324377
4 0.596087 0.299981 0.190175 0.321774
4 0.739663 0.281302 0.154025 0.324642
4 0.900350 0.304283 0.174950 0.295962
4 0.792900 0.521000 0.161650 0.241396
4 0.658875 0.578415 0.148250 0.264377
4 0.499100 0.552566 0.167350 0.293057
4 0.260438 0.809491 0.157825 0.313170
4 0.412575 0.786509 0.188250 0.330377
4 0.578963 0.815208 0.190175 0.295925
4 0.727287 0.773679 0.148325 0.276038
4 0.869925 0.789377 0.159750 0.336113
4 0.116900 0.866623 0.186300 0.266755
4 0.055575 0.698962 0.111150 0.310302
4 0.152987 0.559755 0.197775 0.301698
4 0.221462 0.318623 0.193975 0.330377
4 0.070788 0.345887 0.141575 0.281585
4 0.299425 0.125660 0.193950 0.251321
4 0.648375 0.096962 0.176850 0.193925
4 0.813825 0.102698 0.176850 0.205396
