4 0.522381 0.595425 0.301488 0.344017
4 0.799581 0.687625 0.280313 0.362283
4 0.599994 0.862625 0.289038 0.274750
4 0.244556 0.440950 0.176913 0.211133
4 0.500581 0.398667 0.210538 0.299000
4 0.708638 0.298925 0.140775 0.182883
4 0.861881 0.355517 0.183137 0.229300
4 0.914619 0.555808 0.170763 0.265783
4 0.598406 0.266608 0.114562 0.157817
4 0.352331 0.351333 0.160712 0.187700
4 0.240819 0.755725 0.169438 0.216117
4 0.383475 0.774917 0.150750 0.257467
4 0.086150 0.714292 0.172300 0.205983
4 0.116237 0.479158 0.149500 0.224417
4 0.306850 0.592108 0.142025 0.174583
