4 0.277021 0.746951 0.149514 0.161125
4 0.282840 0.651438 0.137875 0.086375
4 0.526188 0.764396 0.119597 0.156153
4 0.693965 0.753597 0.126236 0.167778
4 0.548611 0.941167 0.151167 0.117667
4 0.601771 0.898944 0.111292 0.139528
4 0.663229 0.868215 0.121264 0.137875
4 0.871701 0.493632 0.053153 0.069764
4 0.747118 0.834167 0.102986 0.142861
4 0.174694 0.792632 0.172750 0.229236
4 0.052132 0.897146 0.104264 0.205708
4 0.310236 0.940340 0.196028 0.119319
4 0.396618 0.879847 0.179403 0.177750
4 0.801111 0.782667 0.068111 0.093028
4 0.578514 0.627354 0.117944 0.127903
4 0.825194 0.516056 0.053167 0.051500
4 0.226361 0.575861 0.124583 0.091361
4 0.744625 0.648944 0.081389 0.091361
