4 0.741891 0.843183 0.244232 0.313633
4 0.072191 0.795050 0.144382 0.356567
4 0.357144 0.780900 0.187584 0.438200
4 0.539700 0.817183 0.209401 0.365633
4 0.737509 0.584517 0.228464 0.368633
4 0.238277 0.503183 0.173371 0.320767
4 0.213521 0.790950 0.177303 0.418100
4 0.455300 0.472100 0.169326 0.287267
4 0.622612 0.328583 0.176049 0.402100
4 0.781180 0.313033 0.157228 0.294467
4 0.346451 0.305850 0.161255 0.356633
4 0.126742 0.497217 0.157228 0.318367
4 0.230890 0.275950 0.118258 0.277700
4 0.733483 0.106933 0.166629 0.213867
