4 0.428091 0.148821 0.236545 0.297642
4 0.116318 0.821485 0.232636 0.283057
4 0.332636 0.841812 0.240727 0.235240
4 0.556727 0.838821 0.240727 0.241223
4 0.779773 0.836834 0.263545 0.245197
4 0.946432 0.834847 0.107136 0.249170
4 0.888341 0.612576 0.223318 0.318952
4 0.659455 0.622533 0.246909 0.350830
4 0.421864 0.621550 0.244818 0.312969
4 0.198795 0.594651 0.222045 0.287031
4 0.093705 0.366397 0.187409 0.320917
4 0.302591 0.363406 0.251182 0.326900
4 0.172864 0.140852 0.273909 0.281703
4 0.531841 0.380371 0.232409 0.320917
4 0.662545 0.150808 0.257273 0.301616
4 0.762136 0.335502 0.249000 0.350830
