4 0.582690 0.506552 0.123586 0.255862
4 0.161483 0.286580 0.080759 0.132931
4 0.838828 0.335489 0.087724 0.216149
4 0.647448 0.365374 0.101655 0.169598
4 0.579741 0.321379 0.077828 0.181264
4 0.118224 0.268218 0.065759 0.141379
4 0.531845 0.308075 0.079759 0.194540
4 0.276707 0.350460 0.113621 0.216092
4 0.176034 0.499109 0.123586 0.221092
4 0.287155 0.514052 0.122586 0.221092
4 0.387379 0.514885 0.105724 0.219425
4 0.482000 0.504080 0.101655 0.241034
4 0.765569 0.333017 0.100655 0.221092
4 0.896690 0.456753 0.111724 0.226034
4 0.800000 0.524856 0.121517 0.209483
4 0.691310 0.514052 0.103655 0.231092
