4 0.702367 0.215840 0.177606 0.142948
4 0.095957 0.054459 0.191915 0.108918
4 0.601383 0.040037 0.164468 0.080075
4 0.111543 0.603750 0.213085 0.187873
4 0.548431 0.646940 0.333883 0.227761
4 0.289149 0.537313 0.194149 0.211119
4 0.110239 0.435149 0.220479 0.189552
4 0.357819 0.416866 0.170532 0.159627
4 0.572101 0.461735 0.158670 0.149664
4 0.697606 0.440112 0.172872 0.126418
4 0.749734 0.307220 0.220213 0.162948
4 0.105505 0.298097 0.211011 0.147985
4 0.284388 0.251586 0.269947 0.201157
4 0.458457 0.235802 0.182340 0.176231
4 0.588697 0.220037 0.139734 0.164627
4 0.897713 0.189291 0.137340 0.109776
4 0.267846 0.051493 0.161011 0.102985
4 0.432553 0.507034 0.135638 0.108619
4 0.838165 0.394664 0.150691 0.132985
4 0.440239 0.046959 0.200585 0.093918
