4 0.109244 0.849528 0.218487 0.300944
4 0.805550 0.863879 0.250118 0.272242
4 0.582525 0.860295 0.224617 0.279410
4 0.342760 0.854322 0.267642 0.291357
4 0.468409 0.592153 0.234263 0.425782
4 0.051866 0.577065 0.103733 0.387463
4 0.232829 0.592581 0.245344 0.408938
4 0.691650 0.610560 0.219843 0.411445
4 0.899194 0.624912 0.201611 0.382743
4 0.811925 0.313953 0.237367 0.363599
4 0.580933 0.269690 0.246935 0.375546
4 0.349126 0.292419 0.235776 0.382714
4 0.127692 0.282861 0.229411 0.377935
4 0.896807 0.113923 0.206385 0.227847
4 0.694126 0.092198 0.224597 0.184395
