4 0.619498 0.505747 0.066255 0.108711
4 0.670154 0.265387 0.106023 0.173454
4 0.411100 0.324175 0.107529 0.159485
4 0.424575 0.478325 0.104517 0.182732
4 0.565811 0.594613 0.105753 0.139536
4 0.494266 0.689278 0.114479 0.159485
4 0.395985 0.649407 0.077143 0.119639
4 0.317568 0.636134 0.099537 0.132887
4 0.336255 0.518170 0.102008 0.159433
4 0.341236 0.382784 0.109498 0.131237
4 0.287104 0.370335 0.073436 0.129536
4 0.262838 0.468351 0.072162 0.112990
4 0.237336 0.589613 0.078378 0.126237
4 0.504228 0.475825 0.079653 0.117938
4 0.471873 0.584613 0.092085 0.139536
4 0.551448 0.503299 0.097181 0.107629
4 0.215541 0.527809 0.072008 0.143247
