4 0.065364 0.891721 0.130727 0.216557
4 0.061382 0.621995 0.122764 0.389891
4 0.206327 0.427022 0.179855 0.267923
4 0.090036 0.308634 0.180073 0.275082
4 0.213491 0.153142 0.165527 0.255902
4 0.499218 0.279918 0.167164 0.351639
4 0.796891 0.124536 0.138509 0.150929
4 0.321745 0.124426 0.111418 0.208087
4 0.952636 0.900628 0.094727 0.198743
4 0.523000 0.075027 0.140618 0.150055
4 0.667836 0.087678 0.175091 0.175355
4 0.883382 0.080656 0.099491 0.149508
4 0.287145 0.302923 0.124691 0.219290
4 0.822364 0.537077 0.141673 0.258306
4 0.621036 0.501612 0.270800 0.415464
4 0.237364 0.687760 0.178291 0.286995
4 0.181655 0.902486 0.194218 0.195027
4 0.359945 0.890519 0.194218 0.218962
4 0.534236 0.872596 0.195818 0.254809
4 0.819127 0.891721 0.240436 0.216557
4 0.370273 0.470109 0.176691 0.253552
4 0.414055 0.708087 0.187818 0.251148
