4 0.590311 0.781318 0.179409 0.323136
4 0.652636 0.370977 0.108970 0.175409
4 0.723341 0.330386 0.068894 0.157818
4 0.541144 0.515193 0.160803 0.301205
4 0.659947 0.645068 0.120924 0.213273
4 0.423538 0.817193 0.186045 0.362977
4 0.093485 0.687284 0.186970 0.625432
4 0.289576 0.613773 0.245848 0.448500
4 0.731841 0.226170 0.053167 0.081932
4 0.689977 0.553068 0.104985 0.225455
4 0.505924 0.203239 0.148848 0.243386
4 0.442803 0.313875 0.158152 0.285250
4 0.226189 0.249091 0.293682 0.374955
4 0.588848 0.423807 0.135545 0.253159
