4 0.815900 0.428561 0.095683 0.203522
4 0.297125 0.653811 0.224250 0.331089
4 0.227608 0.868717 0.186883 0.262567
4 0.408508 0.872700 0.219767 0.254600
4 0.061854 0.891639 0.123708 0.216722
4 0.095492 0.681694 0.190983 0.327056
4 0.143138 0.437528 0.206308 0.297211
4 0.073813 0.206306 0.147625 0.337078
4 0.492229 0.706633 0.156975 0.225444
4 0.639483 0.870089 0.140533 0.193556
4 0.732175 0.883044 0.131567 0.195556
4 0.799450 0.923533 0.149500 0.152933
4 0.906454 0.950444 0.187092 0.099111
4 0.917667 0.776378 0.164667 0.249422
4 0.956538 0.538194 0.086925 0.259344
4 0.857758 0.711617 0.161467 0.251367
4 0.788242 0.668761 0.145017 0.209500
4 0.689571 0.625906 0.177908 0.231433
4 0.892888 0.470422 0.156975 0.239400
4 0.703771 0.436533 0.143525 0.207511
4 0.926637 0.229239 0.146725 0.211522
4 0.602033 0.458511 0.117317 0.216089
4 0.720913 0.261256 0.112125 0.184244
4 0.821617 0.244644 0.126667 0.217467
4 0.946625 0.073561 0.106750 0.147122
4 0.840304 0.079789 0.132892 0.159578
4 0.758804 0.088094 0.136008 0.176189
4 0.650158 0.234722 0.144483 0.213400
4 0.660175 0.065600 0.098633 0.131200
4 0.555762 0.238994 0.106142 0.191567
