4 0.072325 0.084583 0.144650 0.169167
4 0.600233 0.267440 0.260933 0.320929
4 0.775350 0.447143 0.270700 0.297190
4 0.908608 0.271726 0.182783 0.420786
4 0.803950 0.122452 0.177200 0.244905
4 0.425117 0.117476 0.226033 0.234952
4 0.204650 0.192988 0.262333 0.351024
4 0.088375 0.413333 0.176750 0.369048
4 0.142092 0.762095 0.284183 0.376952
4 0.241667 0.886512 0.261000 0.127452
4 0.403483 0.776048 0.241400 0.345048
4 0.589767 0.826881 0.262333 0.247381
4 0.851392 0.763095 0.297217 0.402857
4 0.639300 0.593655 0.207900 0.291214
4 0.441858 0.531857 0.198150 0.327095
4 0.249300 0.530869 0.170233 0.265310
4 0.363025 0.338512 0.202317 0.195548
