4 0.871054 0.835854 0.257892 0.187576
4 0.708167 0.491687 0.320530 0.269270
4 0.787994 0.348822 0.303340 0.229408
4 0.479053 0.641501 0.308004 0.273278
4 0.356736 0.875021 0.366955 0.249959
4 0.644109 0.935820 0.281477 0.128361
4 0.946217 0.703299 0.107566 0.257342
4 0.756848 0.687348 0.256426 0.229435
4 0.116105 0.794986 0.232210 0.305179
4 0.922637 0.526880 0.154725 0.219463
4 0.940321 0.312596 0.119358 0.197534
4 0.246945 0.539842 0.209267 0.289242
4 0.399476 0.448147 0.287363 0.201529
4 0.078523 0.570737 0.157047 0.219463
4 0.122001 0.380372 0.244002 0.209504
4 0.326527 0.266749 0.197475 0.161653
4 0.452531 0.326550 0.228422 0.121804
4 0.484532 0.172913 0.223503 0.167948
4 0.606110 0.200324 0.103157 0.159628
4 0.747958 0.205303 0.207546 0.093196
4 0.827785 0.167927 0.200173 0.104807
4 0.728926 0.067011 0.248075 0.134022
4 0.179964 0.230220 0.203859 0.189532
4 0.259180 0.080269 0.232108 0.160537
4 0.071563 0.095220 0.143126 0.190441
4 0.491904 0.058671 0.225967 0.117342
