4 0.548256 0.135472 0.167508 0.155674
4 0.591487 0.397592 0.237757 0.257341
4 0.379385 0.430484 0.278306 0.267316
4 0.453688 0.649761 0.253987 0.287243
4 0.082292 0.720521 0.164585 0.273297
4 0.249684 0.548100 0.181030 0.223456
4 0.676603 0.588958 0.224269 0.185588
4 0.890316 0.708560 0.219369 0.309179
4 0.920033 0.525165 0.159934 0.129767
4 0.750939 0.517194 0.140415 0.181593
4 0.781977 0.453413 0.154020 0.165650
4 0.821154 0.367696 0.135100 0.149706
4 0.287517 0.281985 0.170216 0.145711
4 0.407757 0.220184 0.205349 0.217475
4 0.194302 0.397598 0.189136 0.161667
4 0.616661 0.225435 0.133223 0.079326
4 0.674153 0.196930 0.088605 0.072365
4 0.267824 0.183572 0.129402 0.082120
