4 0.601331 0.587144 0.166138 0.250816
4 0.102931 0.806402 0.178354 0.224226
4 0.331977 0.622861 0.157585 0.215952
4 0.173173 0.608740 0.174685 0.214278
4 0.249519 0.469205 0.156362 0.197678
4 0.127365 0.440947 0.117269 0.187751
4 0.231808 0.297280 0.103831 0.176088
4 0.295938 0.306417 0.112385 0.151161
4 0.363127 0.133656 0.117269 0.174425
4 0.674015 0.305586 0.084292 0.192699
4 0.743646 0.338802 0.054969 0.093023
4 0.863358 0.313886 0.116054 0.142856
4 0.929935 0.263232 0.083069 0.127929
4 0.969854 0.312228 0.060292 0.146172
4 0.974131 0.209236 0.051738 0.139540
4 0.475512 0.590471 0.139254 0.197678
4 0.262954 0.797280 0.161246 0.232552
4 0.409546 0.780669 0.141708 0.239205
4 0.549415 0.752406 0.157585 0.215900
4 0.706996 0.718373 0.150254 0.204320
4 0.867635 0.710900 0.141700 0.182720
4 0.955804 0.713389 0.088392 0.147845
4 0.908577 0.582992 0.128231 0.176067
4 0.847477 0.462563 0.130708 0.181067
4 0.942977 0.442631 0.114046 0.154487
4 0.777846 0.563065 0.067185 0.152824
4 0.712492 0.498274 0.139262 0.239205
