4 0.262881 0.268100 0.312315 0.416224
4 0.144969 0.126871 0.254954 0.253741
4 0.034242 0.369752 0.068485 0.222460
4 0.651688 0.265687 0.248577 0.516663
4 0.780758 0.386495 0.152977 0.361189
4 0.862023 0.174798 0.168908 0.272691
4 0.537785 0.155791 0.151231 0.263152
4 0.438654 0.344047 0.155846 0.321282
4 0.378254 0.090387 0.239754 0.180774
4 0.107538 0.525237 0.215077 0.547771
4 0.234200 0.707044 0.321877 0.576443
4 0.926231 0.567090 0.147538 0.578868
4 0.799877 0.741686 0.318692 0.516628
4 0.528192 0.659203 0.310723 0.576513
