4 0.563815 0.604638 0.101674 0.215942
4 0.661989 0.598804 0.108630 0.240797
4 0.767141 0.612120 0.111630 0.234239
4 0.871793 0.589710 0.111630 0.239203
4 0.967793 0.599728 0.064413 0.219384
4 0.934587 0.755797 0.119609 0.239203
4 0.937076 0.897591 0.120587 0.204819
4 0.838402 0.947663 0.086717 0.104674
4 0.818467 0.807301 0.124587 0.245833
4 0.714315 0.773243 0.107630 0.224239
4 0.614130 0.783967 0.098696 0.212500
4 0.507011 0.736703 0.109630 0.227609
4 0.474120 0.912790 0.087717 0.174420
4 0.565304 0.889529 0.106652 0.220942
4 0.661989 0.916938 0.102674 0.159457
4 0.748207 0.936866 0.109630 0.126268
4 0.613772 0.417283 0.105239 0.181594
4 0.717228 0.409293 0.111239 0.189601
4 0.794967 0.425254 0.132761 0.217464
4 0.952804 0.360453 0.094391 0.211486
4 0.900815 0.473080 0.090891 0.129783
4 0.902011 0.210888 0.110022 0.267428
4 0.836228 0.334547 0.086109 0.139746
4 0.805728 0.142192 0.099283 0.229457
4 0.670576 0.078623 0.113630 0.157246
4 0.713033 0.218931 0.100457 0.203514
4 0.615565 0.221920 0.106435 0.257319
4 0.561717 0.066649 0.106478 0.133297
4 0.418815 0.104312 0.081326 0.161667
4 0.510315 0.200996 0.113630 0.239384
4 0.510913 0.407319 0.095696 0.177609
4 0.403870 0.427246 0.111217 0.157681
4 0.414033 0.275725 0.098065 0.173623
4 0.327880 0.262790 0.090978 0.175580
4 0.324337 0.101540 0.110022 0.203080
4 0.162554 0.456467 0.063804 0.192717
4 0.167033 0.263768 0.096674 0.199348
4 0.209902 0.085380 0.108630 0.170761
4 0.249228 0.171975 0.095674 0.107645
8 0.094380 0.068116 0.053804 0.086377
8 0.095380 0.151975 0.059804 0.078080
8 0.044543 0.074746 0.061783 0.086377
8 0.038565 0.167772 0.049826 0.069746
8 0.096370 0.228388 0.053826 0.101341
8 0.054022 0.242518 0.054826 0.089674