4 0.634923 0.837976 0.130708 0.154487
4 0.653250 0.753258 0.096500 0.117939
4 0.644700 0.685152 0.096508 0.084718
4 0.467692 0.730601 0.087338 0.094822
4 0.494319 0.654174 0.080623 0.121423
4 0.424081 0.662479 0.062300 0.108138
4 0.791773 0.862646 0.101392 0.083222
4 0.792996 0.767955 0.096500 0.126412
4 0.863846 0.842688 0.084292 0.129686
4 0.952412 0.850194 0.083069 0.104843
4 0.890108 0.754671 0.100169 0.133065
4 0.968877 0.793708 0.062246 0.088211
4 0.929200 0.717296 0.070846 0.088211
4 0.905992 0.614304 0.078185 0.114780
4 0.821092 0.586899 0.081846 0.089864
4 0.741077 0.635900 0.075738 0.094854
4 0.687331 0.609320 0.065969 0.054979
4 0.733750 0.715654 0.070854 0.101538
4 0.721535 0.815298 0.053746 0.101496
4 0.552346 0.651684 0.042754 0.069937
4 0.822923 0.489723 0.051308 0.084885
4 0.844912 0.442374 0.058638 0.079895
4 0.811931 0.374273 0.075738 0.116454
4 0.744315 0.369289 0.062662 0.079895
4 0.770550 0.292751 0.063100 0.090126
4 0.806169 0.202772 0.069215 0.103954
4 0.843323 0.096187 0.066169 0.145492
4 0.890662 0.110722 0.059046 0.124728
4 0.772577 0.110031 0.073292 0.126109
4 0.704881 0.098954 0.062100 0.112259
4 0.740000 0.204158 0.073292 0.095659
4 0.668231 0.202082 0.066169 0.097029
4 0.703354 0.281679 0.073292 0.115031
4 0.636169 0.292751 0.067185 0.109498
4 0.676377 0.361276 0.053954 0.069351
4 0.574581 0.141219 0.155746 0.282437
4 0.482454 0.073347 0.073292 0.127490
4 0.480923 0.205544 0.066169 0.109498
4 0.508408 0.300345 0.066169 0.121904
4 0.546077 0.351585 0.058031 0.058274
4 0.562365 0.303823 0.039700 0.056893
4 0.485508 0.362657 0.048862 0.044435
4 0.447842 0.295518 0.061085 0.106726
4 0.408142 0.077542 0.081438 0.155084
4 0.324158 0.068546 0.080423 0.137092
4 0.343496 0.176475 0.070238 0.095649
4 0.386254 0.267144 0.072277 0.127490
4 0.316523 0.273384 0.067185 0.120596
4 0.307358 0.406951 0.081438 0.121956
4 0.361538 0.491130 0.075738 0.127908
4 0.332235 0.540968 0.056162 0.117939
4 0.385973 0.539304 0.043977 0.084718
4 0.279692 0.185486 0.063523 0.101328
4 0.244281 0.096611 0.085485 0.132887
4 0.159981 0.060073 0.090392 0.116276
4 0.180135 0.134817 0.057408 0.056475
4 0.087912 0.070863 0.080638 0.134550
4 0.059200 0.164723 0.084292 0.112960
4 0.031127 0.261899 0.062254 0.137877
4 0.095238 0.266883 0.075738 0.127908
4 0.043319 0.329174 0.067192 0.106318
4 0.083631 0.385649 0.118492 0.119603
4 0.125777 0.340800 0.051308 0.076412
4 0.075077 0.825021 0.045200 0.107971
4 0.846135 0.669953 0.095285 0.139697
4 0.592292 0.513060 0.127046 0.275743
4 0.732038 0.485010 0.146585 0.192741
4 0.474304 0.463368 0.161223 0.179456
4 0.031919 0.617877 0.063838 0.139540
4 0.046738 0.725853 0.090400 0.126245
4 0.041692 0.862066 0.083385 0.093023
4 0.377173 0.813891 0.147808 0.186046
4 0.526815 0.814718 0.122154 0.161130
