4 0.956371 0.816185 0.087257 0.318922
4 0.045546 0.799310 0.091092 0.341034
4 0.101080 0.567845 0.202160 0.416207
4 0.041820 0.433879 0.083641 0.272672
4 0.204867 0.290366 0.183180 0.306164
4 0.336857 0.500884 0.220898 0.420991
4 0.308580 0.344181 0.132015 0.188966
4 0.536881 0.455409 0.189927 0.430560
4 0.608956 0.249698 0.164320 0.330086
4 0.737585 0.474569 0.189927 0.425776
4 0.912900 0.485323 0.174199 0.452112
4 0.791468 0.246121 0.168374 0.236810
4 0.640570 0.797241 0.180655 0.340862
4 0.452524 0.808190 0.199806 0.342845
4 0.825182 0.809203 0.199782 0.328922
4 0.234539 0.815172 0.217767 0.318966
