4 0.134704 0.470883 0.246469 0.330563
4 0.269746 0.393645 0.141677 0.162788
4 0.395931 0.432680 0.143154 0.227576
4 0.505146 0.276532 0.190385 0.257481
4 0.688146 0.392814 0.252369 0.260797
4 0.784081 0.437662 0.137254 0.240866
4 0.725046 0.230519 0.174154 0.151169
4 0.625423 0.174372 0.168246 0.262459
4 0.460865 0.108758 0.202192 0.204320
4 0.329515 0.235835 0.175631 0.192693
4 0.225473 0.227528 0.115115 0.196009
4 0.327304 0.602944 0.203669 0.222597
4 0.415854 0.746632 0.109215 0.141195
4 0.570081 0.735004 0.208100 0.230892
4 0.741277 0.656931 0.214000 0.267437
4 0.513262 0.519558 0.211046 0.234216
