4 0.455047 0.132719 0.162656 0.129406
4 0.744008 0.435438 0.358797 0.358812
4 0.316312 0.580039 0.306188 0.105484
4 0.450273 0.217641 0.186578 0.098312
4 0.655984 0.270273 0.220062 0.179641
4 0.596180 0.168602 0.162672 0.143766
4 0.407211 0.394656 0.301391 0.313594
4 0.234984 0.499906 0.086125 0.107875
4 0.124664 0.389867 0.249328 0.251391
4 0.868867 0.583648 0.243984 0.064891
4 0.591398 0.602766 0.234422 0.093531
4 0.068742 0.697242 0.117203 0.301641
4 0.306750 0.248734 0.095688 0.107875
4 0.138984 0.255914 0.239844 0.117453
