4 0.957583 0.872021 0.084833 0.255959
4 0.897839 0.646077 0.204322 0.430796
4 0.690373 0.610206 0.248527 0.402124
4 0.469843 0.601785 0.250098 0.428289
4 0.225344 0.606622 0.245344 0.418850
4 0.050540 0.575531 0.101081 0.371003
4 0.119086 0.289602 0.222063 0.397198
4 0.346424 0.278879 0.248527 0.366136
4 0.572652 0.268142 0.248527 0.368614
4 0.811611 0.310015 0.248527 0.375782
4 0.806837 0.858864 0.251709 0.282271
4 0.893861 0.113805 0.212279 0.227611
4 0.691336 0.089823 0.237367 0.179646
4 0.461847 0.071932 0.227976 0.143864
4 0.249165 0.086298 0.206935 0.172596
4 0.950413 0.324351 0.099175 0.361445
4 0.576631 0.851681 0.240570 0.296637
4 0.333595 0.856475 0.261100 0.287050
4 0.107976 0.848702 0.215953 0.302596
