4 0.340414 0.306334 0.027821 0.058557
4 0.898415 0.843676 0.203170 0.312648
4 0.629455 0.499941 0.148322 0.500000
4 0.794815 0.524032 0.194118 0.559802
4 0.938611 0.437658 0.122778 0.539862
4 0.697756 0.832204 0.208758 0.335593
4 0.533883 0.811433 0.150120 0.377134
4 0.410261 0.818083 0.170305 0.363834
4 0.300381 0.800613 0.168475 0.378735
4 0.406596 0.501611 0.122691 0.352154
4 0.506857 0.501611 0.140076 0.352154
4 0.889129 0.147816 0.172135 0.295632
4 0.788410 0.091334 0.104379 0.182668
4 0.745833 0.257421 0.125436 0.209308
4 0.181264 0.724209 0.061351 0.127905
4 0.140158 0.722549 0.053105 0.129565
4 0.120926 0.679348 0.060436 0.139526
4 0.076062 0.671028 0.080577 0.182767
4 0.118824 0.565356 0.050044 0.108221
4 0.161509 0.597727 0.039009 0.060830
4 0.191133 0.619763 0.069542 0.102213
4 0.227397 0.639783 0.034532 0.098182
4 0.247429 0.652134 0.043791 0.114901
4 0.286803 0.613409 0.048203 0.085514
4 0.285882 0.558676 0.047843 0.081502
4 0.330038 0.550326 0.050773 0.116897
4 0.215011 0.522213 0.031351 0.089802
4 0.307075 0.458972 0.024281 0.054466
4 0.331138 0.463735 0.032233 0.062569
4 0.309946 0.410069 0.017211 0.062549
4 0.324297 0.404466 0.027375 0.072174
4 0.343502 0.408458 0.018987 0.056166
4 0.323192 0.355593 0.019869 0.065771
4 0.347255 0.353192 0.030915 0.067372
4 0.371324 0.349180 0.020752 0.040138
4 0.370000 0.299121 0.037538 0.061759
4 0.342402 0.255860 0.035327 0.064960
4 0.373306 0.252648 0.033562 0.063360
4 0.399804 0.255455 0.031786 0.051344
4 0.401351 0.306324 0.026057 0.064980
4 0.354984 0.201789 0.035763 0.054565
4 0.389205 0.198182 0.031786 0.064980
4 0.366253 0.149318 0.037952 0.058557
4 0.435790 0.293113 0.030468 0.057767
4 0.448589 0.256255 0.020752 0.052945
