4 0.168668 0.433493 0.236552 0.343064
4 0.794583 0.708578 0.191356 0.366961
4 0.927851 0.690662 0.144297 0.347108
4 0.829796 0.379681 0.219265 0.410833
4 0.952443 0.486324 0.095114 0.113824
4 0.717500 0.220159 0.130229 0.167525
4 0.791920 0.116544 0.098350 0.095882
4 0.625147 0.770380 0.195359 0.307181
4 0.439093 0.738480 0.195343 0.355000
4 0.278301 0.731507 0.203333 0.400858
4 0.096904 0.809240 0.188709 0.357010
4 0.033170 0.555098 0.066340 0.227451
4 0.068382 0.360735 0.136765 0.201520
4 0.395907 0.278015 0.231225 0.327108
4 0.582623 0.277990 0.144853 0.195490
4 0.670351 0.433505 0.112925 0.327108
4 0.523480 0.477353 0.241863 0.335098
4 0.332786 0.511238 0.168775 0.227426
