4 0.692480 0.756648 0.160348 0.416612
4 0.877490 0.881521 0.225369 0.236958
4 0.857869 0.736129 0.186127 0.340856
4 0.716025 0.963242 0.126701 0.073515
4 0.974903 0.742104 0.050195 0.285046
4 0.919964 0.498916 0.160072 0.384718
4 0.755272 0.454062 0.207428 0.322914
4 0.720512 0.213461 0.155861 0.410638
4 0.602218 0.194927 0.125584 0.326903
4 0.650430 0.450082 0.107643 0.187377
4 0.516998 0.538780 0.123340 0.249180
4 0.547275 0.345428 0.130061 0.201311
4 0.427864 0.436129 0.113248 0.314954
8 0.513074 0.032678 0.079611 0.065355
8 0.439636 0.028698 0.065031 0.057395
8 0.552884 0.078315 0.058309 0.085701