4 0.925913 0.052899 0.148174 0.105798
4 0.119217 0.390326 0.238435 0.207296
4 0.713109 0.509332 0.329957 0.265114
4 0.789217 0.351450 0.324609 0.225244
4 0.911891 0.529821 0.176217 0.187264
4 0.943913 0.718241 0.112174 0.229251
4 0.753283 0.706287 0.268739 0.197329
4 0.869348 0.842834 0.261304 0.179414
4 0.891935 0.949316 0.216130 0.101368
4 0.649522 0.928388 0.284696 0.143225
4 0.348870 0.878550 0.369826 0.242899
4 0.108587 0.943339 0.217174 0.113322
4 0.113891 0.793990 0.227783 0.269088
4 0.483152 0.648469 0.314130 0.253160
4 0.246435 0.549805 0.218174 0.263127
4 0.071326 0.572720 0.142652 0.209283
4 0.394087 0.455114 0.290000 0.201303
4 0.455283 0.325537 0.226130 0.149511
4 0.316935 0.266743 0.199522 0.159479
4 0.483239 0.170065 0.234130 0.169446
4 0.173261 0.215912 0.204870 0.185375
4 0.077978 0.090521 0.155957 0.181042
4 0.257065 0.077557 0.250130 0.155114
4 0.499196 0.054072 0.260739 0.108143
4 0.729913 0.068762 0.254087 0.137524
4 0.817152 0.169707 0.202739 0.118241
4 0.960543 0.162508 0.078913 0.132638
