4 0.659195 0.698618 0.226047 0.275264
4 0.443914 0.457049 0.134547 0.385347
4 0.536078 0.532396 0.071313 0.158125
4 0.684762 0.477382 0.180305 0.229875
4 0.582355 0.514875 0.060086 0.160778
4 0.724402 0.360167 0.118961 0.224944
4 0.613547 0.326521 0.101656 0.186486
4 0.724672 0.230868 0.113016 0.116319
4 0.528652 0.280861 0.099492 0.193222
4 0.826043 0.620542 0.161461 0.255944
4 0.479570 0.744090 0.230078 0.323153
4 0.554805 0.899972 0.308344 0.200056
4 0.859984 0.872062 0.280031 0.255875
4 0.905957 0.709243 0.188086 0.261125
