4 0.468554 0.478349 0.279354 0.364781
4 0.743531 0.678285 0.233738 0.349919
4 0.626792 0.886149 0.189554 0.227702
4 0.512800 0.814596 0.221569 0.353764
4 0.374165 0.891495 0.128715 0.196109
4 0.309165 0.655017 0.207485 0.330681
4 0.728635 0.478886 0.119115 0.130473
4 0.160900 0.042333 0.081000 0.084665
4 0.615673 0.692298 0.069931 0.181224
4 0.080785 0.185329 0.161569 0.201328
4 0.058208 0.058279 0.116415 0.116559
4 0.383319 0.213233 0.090300 0.093695
4 0.466977 0.194296 0.124815 0.203326
4 0.565242 0.123533 0.151377 0.205312
4 0.589808 0.306917 0.171292 0.217275
4 0.100538 0.767881 0.201077 0.464238
4 0.085431 0.411570 0.170862 0.318938
4 0.214681 0.106588 0.159346 0.187379
4 0.192773 0.241137 0.155362 0.109642
