4 0.623717 0.179021 0.147700 0.175513
4 0.508742 0.605430 0.147317 0.187709
4 0.634608 0.705048 0.136883 0.200883
4 0.777292 0.662733 0.139217 0.235871
4 0.861975 0.568878 0.132250 0.210979
4 0.795275 0.377041 0.147317 0.242578
4 0.690283 0.534821 0.150800 0.222578
4 0.575200 0.456014 0.125867 0.193604
4 0.389875 0.494642 0.138750 0.213962
4 0.297850 0.352637 0.125867 0.171146
4 0.425683 0.355263 0.138733 0.194726
4 0.550400 0.305990 0.134200 0.182721
4 0.673783 0.335215 0.131467 0.183508
4 0.489450 0.209869 0.120833 0.147470
4 0.503717 0.140967 0.086700 0.049761
4 0.401900 0.246313 0.050900 0.053771
