4 0.399075 0.413183 0.110517 0.191603
4 0.413517 0.239754 0.106750 0.213127
4 0.425446 0.077476 0.095442 0.154952
4 0.327492 0.076286 0.118050 0.152571
4 0.332517 0.248127 0.082883 0.234667
4 0.249004 0.133286 0.086658 0.115016
4 0.202542 0.059540 0.104233 0.119079
4 0.167375 0.227825 0.094183 0.222762
4 0.155533 0.449056 0.057933 0.234651
4 0.503933 0.165603 0.104233 0.265746
4 0.508329 0.768397 0.097958 0.265746
4 0.476933 0.926595 0.072833 0.146810
4 0.558562 0.917032 0.100458 0.165937
4 0.605029 0.810254 0.077858 0.258571
4 0.565471 0.620087 0.106742 0.246619
4 0.662796 0.606929 0.105492 0.268143
4 0.768912 0.618897 0.119308 0.234651
4 0.875029 0.585405 0.110508 0.263349
4 0.921492 0.707397 0.090417 0.067206
4 0.969538 0.602151 0.060925 0.258587
4 0.899517 0.482548 0.081633 0.172460
4 0.952583 0.352183 0.094833 0.246619
4 0.900146 0.160817 0.110508 0.294460
4 0.795283 0.398825 0.129350 0.220317
4 0.831075 0.307929 0.090417 0.186810
4 0.809096 0.114556 0.109258 0.229111
4 0.711771 0.179952 0.105492 0.237048
4 0.668446 0.053556 0.099208 0.107111
4 0.612563 0.181151 0.105492 0.282492
4 0.711158 0.395238 0.091650 0.213143
4 0.613821 0.411976 0.105492 0.198778
4 0.512725 0.385675 0.096700 0.213127
8 0.094542 0.195508 0.054000 0.100698
8 0.094542 0.097437 0.064050 0.095921
8 0.041796 0.114175 0.051492 0.081556
8 0.046192 0.041595 0.050233 0.083190
8 0.044308 0.206270 0.056517 0.112667
