4 0.544170 0.503307 0.118340 0.232552
4 0.798350 0.530703 0.155684 0.267448
4 0.906084 0.289844 0.132051 0.191042
4 0.787764 0.295664 0.102090 0.179401
4 0.875566 0.107122 0.125820 0.167786
4 0.762197 0.116263 0.125840 0.176068
4 0.654434 0.133698 0.104648 0.177760
4 0.681211 0.306458 0.118359 0.181042
4 0.660654 0.533203 0.124590 0.215938
4 0.604580 0.840443 0.186895 0.262344
4 0.463818 0.808125 0.147012 0.230885
4 0.357920 0.764935 0.124590 0.191016
4 0.274443 0.745833 0.104668 0.159479
4 0.217764 0.717591 0.088457 0.146172
4 0.153594 0.673568 0.117109 0.164427
4 0.121201 0.465924 0.087207 0.137891
4 0.176025 0.469297 0.079746 0.137969
4 0.241426 0.470937 0.078477 0.171146
4 0.291885 0.482539 0.077246 0.157786
4 0.370996 0.485039 0.100898 0.196016
4 0.448242 0.503307 0.105898 0.202656
4 0.572832 0.312266 0.093437 0.156146
4 0.484365 0.303138 0.098418 0.161120
4 0.406504 0.310612 0.097187 0.146172
4 0.337979 0.314766 0.077246 0.141198
4 0.408379 0.175234 0.083477 0.141198
4 0.482500 0.167760 0.084727 0.152813
4 0.560986 0.142826 0.102168 0.162786
