4 0.585693 0.299986 0.054073 0.066333
4 0.624990 0.222597 0.064896 0.107667
4 0.670271 0.288500 0.066042 0.097000
4 0.671083 0.183417 0.049271 0.084917
4 0.712297 0.232076 0.066094 0.091403
4 0.748344 0.270931 0.067292 0.072972
4 0.794307 0.250125 0.051073 0.071417
4 0.853490 0.285319 0.073292 0.112972
4 0.929495 0.305778 0.090719 0.089806
4 0.955927 0.267729 0.051063 0.074569
4 0.085339 0.398042 0.072823 0.075944
4 0.915375 0.210847 0.048062 0.058556
4 0.853193 0.219257 0.042656 0.056153
4 0.815641 0.221264 0.050469 0.064972
4 0.098677 0.331701 0.049021 0.066319
4 0.136526 0.361993 0.061281 0.128819
4 0.044604 0.331229 0.082187 0.142264
4 0.022943 0.468576 0.045885 0.134264
4 0.174318 0.475028 0.071135 0.136222
4 0.096401 0.468382 0.097198 0.146181
4 0.645807 0.402743 0.054823 0.134514
4 0.600953 0.398618 0.052323 0.096347
4 0.475125 0.480840 0.069771 0.127903
4 0.407849 0.448451 0.072260 0.056486
4 0.325625 0.494132 0.094688 0.151153
4 0.238411 0.609576 0.102156 0.169431
4 0.436505 0.676854 0.064781 0.044847
4 0.493188 0.607069 0.100917 0.147806
4 0.417193 0.541479 0.093448 0.162792
4 0.348047 0.627021 0.117115 0.167764
4 0.895547 0.239285 0.066094 0.117042
4 0.247922 0.452826 0.092281 0.118236
4 0.198891 0.351896 0.086510 0.160542
4 0.263781 0.368722 0.060563 0.096139
4 0.340203 0.373528 0.098052 0.126889
4 0.416266 0.366319 0.067052 0.100944
4 0.493771 0.365833 0.063438 0.098056
4 0.543516 0.380736 0.049031 0.093250
4 0.441865 0.299507 0.067771 0.109597
4 0.392115 0.286535 0.040375 0.064403
4 0.286849 0.266826 0.050469 0.086514
4 0.311724 0.312007 0.041094 0.049986
4 0.247557 0.249042 0.039656 0.083639
4 0.300193 0.199535 0.067052 0.105736
4 0.360026 0.224049 0.054073 0.083625
4 0.361833 0.288931 0.031729 0.038444
4 0.304875 0.133681 0.059125 0.075944
4 0.247198 0.211069 0.040375 0.053833
4 0.433948 0.197125 0.053313 0.087472
4 0.491250 0.288451 0.043979 0.079792
4 0.485839 0.179826 0.063448 0.124014
4 0.459526 0.120229 0.046865 0.099014
4 0.538109 0.245194 0.058406 0.095167
4 0.554693 0.217312 0.052635 0.089403
4 0.535937 0.156750 0.043958 0.087472
4 0.628594 0.314410 0.054792 0.087486
