4 0.832051 0.245825 0.174609 0.384916
4 0.956211 0.182273 0.087578 0.364545
4 0.915156 0.576734 0.169687 0.480606
4 0.096602 0.095556 0.193203 0.191111
4 0.205918 0.171313 0.182695 0.342626
4 0.845928 0.832677 0.216230 0.334646
4 0.614668 0.848620 0.283281 0.302761
4 0.719893 0.589697 0.230098 0.410842
4 0.673643 0.235168 0.248613 0.466364
4 0.482969 0.543535 0.252070 0.510303
4 0.048613 0.298670 0.097227 0.347037
4 0.115146 0.516936 0.197715 0.440741
4 0.134229 0.842643 0.201191 0.314714
4 0.285127 0.753148 0.089043 0.167643
4 0.348721 0.854596 0.239355 0.290808
4 0.289746 0.457138 0.211602 0.420808
4 0.380518 0.160269 0.242832 0.320539
4 0.492676 0.242845 0.173437 0.291212
