4 0.430260 0.831982 0.264200 0.336036
4 0.444870 0.270375 0.192500 0.297207
4 0.599480 0.081922 0.169840 0.163844
4 0.414320 0.102853 0.216400 0.205706
4 0.193290 0.108829 0.236300 0.217658
4 0.245730 0.336171 0.208420 0.337087
4 0.268950 0.592312 0.228340 0.303183
4 0.215190 0.857898 0.203100 0.284204
4 0.056820 0.865871 0.113640 0.268258
4 0.080710 0.610255 0.161420 0.275285
4 0.071420 0.309264 0.142840 0.359009
4 0.882740 0.882823 0.234520 0.234354
4 0.898670 0.633168 0.202660 0.265315
4 0.878750 0.323198 0.242500 0.370961
4 0.935400 0.121877 0.124800 0.131742
4 0.778080 0.103964 0.163280 0.183664
4 0.642670 0.263408 0.221700 0.259309
4 0.698420 0.528529 0.224360 0.366967
4 0.667890 0.833934 0.234980 0.332132
4 0.484720 0.541486 0.211040 0.297207
