4 0.371631 0.716758 0.074160 0.124778
4 0.540869 0.833959 0.078027 0.162799
4 0.616416 0.709283 0.046582 0.143003
4 0.614980 0.850478 0.087461 0.146348
4 0.586465 0.947628 0.081758 0.104744
4 0.495205 0.929352 0.091270 0.141297
4 0.387793 0.942645 0.104570 0.114710
4 0.285127 0.934334 0.106465 0.131331
4 0.353574 0.833874 0.091250 0.149659
4 0.434844 0.828874 0.059883 0.116451
4 0.418682 0.877884 0.044668 0.088191
4 0.422480 0.732543 0.042773 0.093208
4 0.541787 0.705137 0.072246 0.118123
4 0.299355 0.710102 0.078008 0.121433
4 0.346943 0.591314 0.077988 0.142969
4 0.436748 0.197645 0.095996 0.226075
4 0.380664 0.088908 0.107422 0.177816
4 0.232363 0.093891 0.084609 0.187782
4 0.176758 0.055683 0.110273 0.111365
4 0.268086 0.835137 0.090117 0.153686
4 0.213906 0.944932 0.077578 0.110137
4 0.109648 0.939642 0.123203 0.120717
4 0.038506 0.937952 0.077012 0.124096
4 0.115801 0.828157 0.118633 0.139727
4 0.189951 0.873020 0.079863 0.113823
4 0.049912 0.834147 0.099824 0.175597
4 0.077588 0.698618 0.085566 0.143720
4 0.147744 0.694625 0.075293 0.155666
4 0.115234 0.582986 0.106094 0.115802
4 0.040791 0.690631 0.081582 0.199556
4 0.189043 0.769044 0.047695 0.128259
4 0.765752 0.095956 0.125488 0.191911
4 0.866416 0.155290 0.134043 0.264300
4 0.847881 0.537355 0.083652 0.108157
4 0.828389 0.609625 0.080801 0.116451
4 0.903018 0.616263 0.076035 0.123106
4 0.830293 0.728379 0.090313 0.144676
4 0.771357 0.672730 0.056074 0.096519
4 0.758047 0.752474 0.054180 0.093208
4 0.799883 0.911109 0.067500 0.121399
4 0.861670 0.871263 0.109316 0.141433
4 0.848838 0.955102 0.091270 0.089795
4 0.949600 0.882014 0.077949 0.162935
4 0.911104 0.754966 0.094121 0.167952
4 0.965293 0.720068 0.069414 0.141365
4 0.710039 0.867099 0.093164 0.166280
4 0.759961 0.969283 0.090313 0.061433
4 0.672969 0.947628 0.087461 0.104744
4 0.679150 0.729215 0.078887 0.139727
4 0.651104 0.627884 0.083652 0.126416
4 0.567930 0.623737 0.076992 0.118123
