4 0.463567 0.107350 0.084350 0.090367
4 0.084800 0.847289 0.169600 0.305422
4 0.873937 0.830644 0.252125 0.338711
4 0.922525 0.614544 0.154950 0.153689
4 0.662658 0.755072 0.245183 0.327100
4 0.725450 0.634472 0.155483 0.237411
4 0.781513 0.528828 0.133058 0.197544
4 0.804683 0.450089 0.134550 0.159667
4 0.836829 0.384311 0.097175 0.107844
4 0.582675 0.445700 0.225750 0.347844
4 0.431675 0.778994 0.249667 0.343056
4 0.358421 0.499922 0.213792 0.311156
4 0.235079 0.652417 0.182392 0.277278
4 0.180508 0.490956 0.151017 0.201533
4 0.128937 0.419194 0.095675 0.149700
4 0.264983 0.330489 0.149500 0.191556
4 0.401779 0.262711 0.177908 0.247378
4 0.259750 0.234806 0.124083 0.107833
4 0.527333 0.159056 0.157000 0.219467
4 0.623262 0.264044 0.113908 0.084600
4 0.671571 0.240006 0.085075 0.098056
4 0.655346 0.190506 0.093008 0.050944
4 0.723938 0.379111 0.063975 0.178067
