4 0.148454 0.687122 0.194631 0.270300
4 0.487454 0.558679 0.204200 0.363587
4 0.382165 0.354637 0.215362 0.265513
4 0.211469 0.251776 0.113262 0.078939
4 0.102988 0.386926 0.170700 0.325317
4 0.218646 0.469452 0.194631 0.394683
4 0.054285 0.546003 0.108569 0.184187
4 0.031950 0.688322 0.063900 0.277474
4 0.359035 0.769648 0.162715 0.263126
4 0.589554 0.830646 0.224938 0.275087
4 0.534858 0.318299 0.105146 0.165433
4 0.631342 0.388956 0.175023 0.283679
4 0.814492 0.506747 0.145169 0.267474
4 0.733927 0.572307 0.165915 0.188973
4 0.714785 0.738576 0.216954 0.267947
4 0.612685 0.583074 0.098908 0.181788
