4 0.444661 0.745791 0.119583 0.073105
4 0.624063 0.651104 0.119583 0.122910
4 0.534362 0.644463 0.090807 0.096348
4 0.525508 0.710908 0.086380 0.079746
4 0.597500 0.734160 0.093021 0.066445
4 0.536641 0.797285 0.121719 0.116289
4 0.409232 0.818047 0.124036 0.098008
4 0.434701 0.900273 0.121797 0.119609
4 0.321745 0.896123 0.108542 0.094668
4 0.294049 0.816387 0.132891 0.094688
4 0.347214 0.740811 0.101875 0.089707
4 0.391510 0.702598 0.075313 0.066445
4 0.461263 0.648613 0.086380 0.084727
4 0.450195 0.445947 0.112943 0.064785
4 0.376003 0.423535 0.084141 0.059805
4 0.320638 0.409414 0.057578 0.038203
4 0.516641 0.341309 0.126250 0.107969
4 0.598594 0.373691 0.090833 0.069766
4 0.524388 0.420215 0.053151 0.053164
4 0.464154 0.402441 0.067370 0.044961
