4 0.546562 0.271547 0.137319 0.111281
4 0.605257 0.539828 0.188264 0.172760
4 0.809021 0.535672 0.188264 0.161135
4 0.865507 0.680172 0.203764 0.154448
4 0.645125 0.695974 0.205972 0.152823
4 0.401493 0.695146 0.201542 0.174417
4 0.177799 0.695969 0.228125 0.186042
4 0.383778 0.521557 0.174972 0.109635
4 0.196618 0.529031 0.194903 0.144521
4 0.206590 0.376203 0.152819 0.078073
4 0.379347 0.342156 0.152833 0.149500
4 0.230951 0.287333 0.152819 0.059792
4 0.628514 0.360422 0.186056 0.059802
4 0.696069 0.264078 0.139528 0.142865
