4 0.491167 0.104104 0.075417 0.052896
4 0.752549 0.735865 0.181625 0.156187
4 0.911708 0.775708 0.176583 0.126250
4 0.891778 0.651953 0.216444 0.154490
4 0.091424 0.555604 0.179403 0.081396
4 0.390424 0.783182 0.254708 0.147844
4 0.560958 0.696802 0.183833 0.171104
4 0.395951 0.654443 0.212625 0.139531
4 0.175583 0.751620 0.174972 0.184385
4 0.061764 0.833844 0.123528 0.122917
4 0.072840 0.686010 0.145681 0.152812
4 0.246458 0.546495 0.139528 0.096385
4 0.151215 0.472547 0.210403 0.114615
4 0.440257 0.493318 0.146181 0.129552
4 0.547674 0.538161 0.179403 0.089698
4 0.554319 0.456766 0.130667 0.109635
4 0.735938 0.527370 0.143958 0.078073
4 0.885437 0.517401 0.194903 0.078073
4 0.823417 0.461755 0.208194 0.096344
4 0.728187 0.377865 0.146181 0.051500
4 0.774694 0.332187 0.132889 0.099667
4 0.656201 0.334677 0.121819 0.074750
4 0.539924 0.349786 0.115181 0.091677
4 0.422625 0.370391 0.123861 0.076406
4 0.437083 0.322458 0.126722 0.063104
4 0.251958 0.383656 0.149583 0.062167
4 0.294611 0.338682 0.127333 0.076073
4 0.164799 0.370443 0.123625 0.084885
4 0.255660 0.242484 0.098903 0.073760
4 0.327986 0.261958 0.108750 0.039458
4 0.354875 0.228344 0.105694 0.058458
4 0.462118 0.252453 0.105069 0.053823
4 0.560708 0.256396 0.080972 0.028333
4 0.485611 0.214443 0.119917 0.078865
4 0.676917 0.237391 0.118056 0.041302
4 0.771181 0.218630 0.119917 0.069615
4 0.669187 0.207490 0.098903 0.051042
4 0.719569 0.161365 0.088389 0.029250
4 0.734708 0.140755 0.084056 0.050156
4 0.654049 0.151396 0.072319 0.047333
4 0.560090 0.155099 0.094569 0.061240
4 0.500132 0.180370 0.146486 0.026469
4 0.471389 0.155104 0.106306 0.047333
4 0.340660 0.182219 0.101986 0.036667
4 0.379910 0.162984 0.085292 0.053823
4 0.280701 0.174109 0.074792 0.053823
4 0.323347 0.117089 0.078500 0.048260
4 0.378674 0.125896 0.091486 0.028792
4 0.407722 0.108745 0.061806 0.037135
4 0.514660 0.115698 0.086542 0.028792
4 0.565958 0.105964 0.064278 0.046406
4 0.649410 0.102948 0.074181 0.036667
4 0.699167 0.092031 0.078500 0.038021
4 0.737167 0.102740 0.075444 0.023271
