4 0.668145 0.781510 0.110625 0.244370
4 0.544238 0.650279 0.192500 0.327419
4 0.779883 0.906100 0.172578 0.184575
4 0.928662 0.891965 0.142676 0.216070
4 0.595674 0.873710 0.144941 0.199501
4 0.381055 0.809751 0.171484 0.284194
4 0.259902 0.881173 0.126133 0.181232
4 0.158672 0.869560 0.122813 0.191202
4 0.056377 0.812243 0.112754 0.265953
4 0.096211 0.576364 0.192422 0.355660
4 0.239990 0.688490 0.148262 0.237683
4 0.284795 0.575528 0.087402 0.121437
4 0.389336 0.547302 0.154883 0.254311
4 0.635498 0.470059 0.155996 0.242698
4 0.696904 0.646129 0.108418 0.216129
4 0.810303 0.693475 0.191387 0.254340
4 0.920937 0.674384 0.102891 0.199501
4 0.806436 0.490821 0.177012 0.237713
4 0.894941 0.454267 0.095156 0.214457
4 0.798691 0.339648 0.092930 0.164633
4 0.732861 0.293974 0.116152 0.192874
4 0.641582 0.264076 0.112852 0.206158
4 0.502188 0.463416 0.086289 0.106481
4 0.446318 0.287331 0.147129 0.282581
4 0.210234 0.481965 0.108203 0.195132
4 0.307803 0.390777 0.129316 0.285601
