4 0.778262 0.107461 0.117109 0.179401
4 0.382012 0.802135 0.034609 0.087656
4 0.420957 0.811940 0.064023 0.111901
4 0.535586 0.962786 0.056250 0.074427
4 0.043965 0.364609 0.079727 0.187708
4 0.110000 0.361250 0.104648 0.174375
4 0.210283 0.318919 0.100918 0.162786
4 0.283164 0.359609 0.089688 0.171094
4 0.358545 0.339687 0.098418 0.137865
4 0.400283 0.328880 0.064785 0.142865
4 0.351680 0.776562 0.057305 0.111302
4 0.460078 0.797318 0.062305 0.106302
4 0.499941 0.779883 0.059805 0.097995
4 0.519883 0.892018 0.059805 0.116276
4 0.569707 0.931875 0.049844 0.089687
