5 0.444576 0.369708 0.301292 0.141847
5 0.282792 0.858740 0.402583 0.282521
5 0.755882 0.839403 0.347764 0.293736
5 0.823924 0.639778 0.352153 0.189917
5 0.544021 0.557479 0.322431 0.187389
5 0.227701 0.497128 0.452014 0.179785
5 0.698486 0.315649 0.320750 0.198354
5 0.829833 0.478979 0.340333 0.141806
5 0.901576 0.186503 0.196847 0.166285
5 0.644465 0.189882 0.300486 0.119014
5 0.306840 0.237149 0.324125 0.124076
5 0.247750 0.127840 0.202583 0.141806
5 0.078292 0.233774 0.156583 0.210174
5 0.150681 0.370094 0.295417 0.172187
5 0.156812 0.774927 0.313625 0.181715
