5 0.374854 0.351992 0.116660 0.094375
5 0.381885 0.437871 0.136582 0.100820
5 0.372510 0.522568 0.142441 0.116660
5 0.274004 0.419414 0.115547 0.097891
5 0.360205 0.592617 0.137754 0.079727
5 0.507627 0.589687 0.151230 0.073867
5 0.650352 0.577090 0.144766 0.100234
5 0.512021 0.513486 0.141270 0.117246
5 0.650645 0.512900 0.130117 0.117246
5 0.266963 0.519639 0.102637 0.110801
5 0.751465 0.354336 0.093789 0.115469
5 0.759375 0.436113 0.103750 0.109023
5 0.765244 0.521396 0.109629 0.120176
5 0.279287 0.338809 0.101465 0.075039
5 0.512314 0.423223 0.126621 0.111367
5 0.500586 0.327383 0.118398 0.113125
5 0.633643 0.335879 0.138340 0.090273
5 0.641855 0.416768 0.123086 0.118418
