6 0.534578 0.498845 0.096779 0.207393
6 0.244477 0.259307 0.177184 0.192475
6 0.285599 0.178003 0.186509 0.258845
6 0.055860 0.759868 0.111720 0.368317
6 0.157083 0.754884 0.200911 0.348383
6 0.290177 0.889109 0.177184 0.221782
6 0.571180 0.813548 0.138347 0.372904
6 0.693777 0.820512 0.137336 0.358977
6 0.809747 0.823498 0.125126 0.353003
6 0.885194 0.265347 0.175919 0.233663
6 0.752378 0.328927 0.106678 0.275149
6 0.628398 0.213482 0.108803 0.301419
6 0.515717 0.213416 0.115143 0.309538
6 0.251012 0.517640 0.111265 0.214290
6 0.399663 0.600017 0.188398 0.252310
6 0.651501 0.496782 0.139865 0.236403
6 0.792782 0.543779 0.118685 0.244719
