6 0.707831 0.887303 0.302279 0.225395
6 0.916346 0.873769 0.167309 0.252462
6 0.564206 0.703928 0.202765 0.183451
6 0.739757 0.679117 0.212162 0.166926
6 0.908831 0.657309 0.182338 0.186466
6 0.444993 0.555059 0.152074 0.114287
6 0.598941 0.544529 0.167088 0.108280
6 0.744449 0.526484 0.180250 0.123310
6 0.365684 0.457998 0.113926 0.095477
6 0.502603 0.442279 0.132735 0.093062
6 0.635426 0.435035 0.143353 0.093062
6 0.146147 0.954729 0.264676 0.090542
6 0.248603 0.172550 0.150206 0.209270
6 0.220206 0.511378 0.153853 0.135760
6 0.187537 0.710029 0.375074 0.274287
6 0.431846 0.907603 0.230926 0.184794
