7 0.050313 0.416331 0.042608 0.103962
7 0.274587 0.390094 0.056758 0.123762
7 0.720133 0.335156 0.056767 0.123762
7 0.778875 0.237631 0.056767 0.123763
7 0.861058 0.400506 0.056767 0.123763
7 0.916175 0.393325 0.056767 0.110400
7 0.916004 0.224012 0.053792 0.087625
7 0.799342 0.512875 0.053467 0.098025
7 0.774096 0.451487 0.044558 0.060400
7 0.801154 0.321038 0.046542 0.089600
7 0.969804 0.349506 0.049175 0.121788
7 0.955446 0.508906 0.045542 0.084163
7 0.915017 0.485894 0.043900 0.086638
7 0.965842 0.208663 0.045217 0.069800
7 0.936304 0.099756 0.055442 0.086638
7 0.925250 0.032425 0.063033 0.053950
7 0.863858 0.117331 0.041250 0.071288
7 0.559571 0.666831 0.069642 0.083163
7 0.571454 0.802725 0.076242 0.103475
7 0.609242 0.210150 0.059400 0.090600
7 0.644717 0.098269 0.061717 0.074762
7 0.471121 0.089362 0.072275 0.100500
7 0.499996 0.135650 0.054125 0.080200
7 0.250829 0.166831 0.054125 0.099012
7 0.235808 0.079950 0.060400 0.071775
7 0.207429 0.159650 0.045875 0.077725
7 0.119142 0.220794 0.052150 0.098013
7 0.289771 0.678963 0.071292 0.094550
7 0.054442 0.772031 0.090467 0.095538
7 0.139092 0.806188 0.059767 0.092575
7 0.134800 0.878963 0.071650 0.076725
7 0.206917 0.872769 0.077917 0.100987
7 0.290575 0.923512 0.063067 0.081675
7 0.318650 0.838369 0.070300 0.063863
7 0.300329 0.520050 0.065342 0.071775
7 0.346371 0.566337 0.050492 0.074250
7 0.640100 0.405694 0.039933 0.073762
7 0.641913 0.317325 0.061392 0.078225
