7 0.420589 0.402367 0.328682 0.334894
7 0.437426 0.150066 0.249209 0.300133
7 0.229682 0.211184 0.213783 0.422367
7 0.097457 0.373923 0.194915 0.289707
7 0.056643 0.126715 0.113287 0.253431
7 0.900876 0.518364 0.198248 0.301622
7 0.433698 0.767500 0.233318 0.465000
7 0.660729 0.810133 0.226760 0.379734
7 0.860054 0.815665 0.248791 0.368670
7 0.236140 0.749934 0.210388 0.478644
7 0.082333 0.755306 0.164667 0.489388
7 0.964798 0.194628 0.070403 0.346011
7 0.832202 0.263524 0.194791 0.331197
7 0.650791 0.245705 0.231938 0.473378
