7 0.555988 0.771529 0.131192 0.215356
7 0.897758 0.912621 0.138223 0.174759
7 0.908223 0.627425 0.122846 0.201977
7 0.867888 0.243667 0.113746 0.162782
7 0.777046 0.351489 0.114938 0.178816
7 0.702681 0.214856 0.124438 0.197828
7 0.656365 0.377920 0.127223 0.175839
7 0.581031 0.138517 0.120462 0.210299
7 0.502504 0.272178 0.106546 0.140195
7 0.390792 0.199408 0.128815 0.189506
7 0.312673 0.324167 0.136362 0.189506
7 0.413454 0.379701 0.101769 0.186529
7 0.223419 0.465839 0.137562 0.213862
7 0.361769 0.764954 0.116092 0.178805
7 0.253035 0.857328 0.149085 0.200793
7 0.175312 0.677328 0.133577 0.228126
7 0.104588 0.873264 0.133515 0.199011
