7 0.106307 0.524977 0.027031 0.064083
7 0.120451 0.654450 0.029380 0.082477
7 0.126610 0.577500 0.029380 0.079312
7 0.087792 0.586101 0.032984 0.067431
7 0.075251 0.818922 0.029586 0.097110
7 0.040576 0.784266 0.037666 0.083303
7 0.147880 0.682844 0.032777 0.066697
7 0.152142 0.843028 0.028951 0.083303
7 0.119801 0.839106 0.030650 0.083165
7 0.153412 0.345275 0.025968 0.065413
7 0.178301 0.299037 0.021300 0.078624
7 0.123434 0.239954 0.020428 0.054220
7 0.171721 0.194037 0.026809 0.060183
7 0.308597 0.310596 0.025731 0.063394
7 0.237445 0.295115 0.025524 0.063991
7 0.280199 0.201284 0.022555 0.068073
7 0.283715 0.465849 0.027430 0.070046
7 0.260628 0.540849 0.029350 0.069312
7 0.269668 0.644518 0.032541 0.081239
7 0.262755 0.727454 0.025953 0.073899
7 0.257866 0.859862 0.036588 0.101101
7 0.304232 0.676606 0.030620 0.088440
7 0.377829 0.523326 0.026795 0.073899
7 0.388035 0.273647 0.026795 0.069954
7 0.353360 0.285872 0.017415 0.065321
7 0.411226 0.202615 0.022127 0.065413
7 0.441854 0.560963 0.028493 0.066055
7 0.415266 0.531261 0.023826 0.080505
7 0.400162 0.752546 0.024254 0.068761
7 0.442275 0.799450 0.028508 0.071284
7 0.469069 0.575206 0.023397 0.069312
