7 0.435537 0.759677 0.052390 0.059908
7 0.535491 0.781200 0.041998 0.094062
7 0.508920 0.709915 0.034931 0.052477
7 0.585462 0.760915 0.061686 0.092077
7 0.650491 0.802492 0.047564 0.061385
7 0.690064 0.754977 0.056109 0.080200
7 0.734469 0.791846 0.066882 0.083662
7 0.799861 0.772792 0.052771 0.106938
7 0.865814 0.800769 0.050912 0.098523
7 0.911155 0.790608 0.062055 0.106938
7 0.900930 0.648531 0.065393 0.079215
7 0.836651 0.629231 0.063164 0.083169
7 0.750254 0.665608 0.050901 0.098508
7 0.924342 0.594823 0.054249 0.073769
7 0.698424 0.654723 0.048303 0.066831
7 0.579145 0.374769 0.053510 0.091077
7 0.632096 0.374277 0.051651 0.101969
7 0.680029 0.376015 0.057587 0.077723
7 0.754163 0.371308 0.038649 0.096031
7 0.781288 0.361400 0.052021 0.100985
7 0.831443 0.378731 0.049792 0.091092
7 0.880676 0.375515 0.050912 0.096538
7 0.408967 0.864123 0.063915 0.124246
7 0.450583 0.891108 0.059457 0.096031
7 0.504648 0.899531 0.056109 0.102969
7 0.570785 0.953731 0.058337 0.080692
7 0.649746 0.939369 0.053510 0.105446
7 0.696195 0.951500 0.051282 0.075246
7 0.700277 0.889377 0.046074 0.079708
7 0.750814 0.938638 0.053499 0.080200
7 0.802281 0.948777 0.053868 0.081677
7 0.861917 0.923785 0.063164 0.105938
7 0.913193 0.954962 0.060196 0.080200
7 0.931028 0.906208 0.045335 0.073769
7 0.974619 0.947792 0.050762 0.086631
7 0.489781 0.777492 0.053880 0.070800
7 0.768089 0.163138 0.050912 0.087631
7 0.353793 0.172292 0.047933 0.071292
7 0.397258 0.172300 0.051651 0.080200
7 0.102234 0.385415 0.052390 0.105446
7 0.440924 0.154731 0.045335 0.103462
7 0.507615 0.153977 0.053129 0.097031
7 0.549983 0.162400 0.039758 0.084154
7 0.593268 0.154231 0.047552 0.095538
7 0.634324 0.166854 0.047194 0.077215
7 0.680958 0.164377 0.050531 0.093062
7 0.726288 0.173038 0.044584 0.072785
7 0.811755 0.165862 0.041617 0.089108
7 0.855970 0.165615 0.051270 0.090585
7 0.053002 0.389131 0.054988 0.090108
7 0.062662 0.169577 0.050543 0.085646
7 0.121005 0.174277 0.041617 0.084154
7 0.160762 0.172046 0.050531 0.089600
7 0.207760 0.173038 0.052402 0.085646
7 0.259602 0.173292 0.056478 0.090092
7 0.308453 0.180215 0.041986 0.066338
7 0.152211 0.379223 0.052021 0.113862
7 0.194573 0.376754 0.052771 0.093077
7 0.246773 0.377746 0.052390 0.091092
7 0.289324 0.390862 0.044584 0.095538
7 0.337436 0.387146 0.054619 0.090108
7 0.383701 0.369823 0.047564 0.087123
7 0.433678 0.370323 0.050912 0.090092
7 0.484584 0.359915 0.059076 0.101000
7 0.531957 0.374277 0.043845 0.082185
