0 0.568096 0.375983 0.073680 0.112375
7 0.238670 0.337865 0.146376 0.161883
7 0.379452 0.160637 0.136509 0.148017
7 0.250511 0.178211 0.103613 0.089110
7 0.442114 0.091329 0.123020 0.106438
0 0.104136 0.768311 0.102956 0.137625
0 0.510039 0.506925 0.092429 0.130692
0 0.386030 0.472269 0.084536 0.124753
0 0.297712 0.461875 0.086838 0.093067
0 0.307416 0.383161 0.074667 0.100000
0 0.382742 0.415339 0.087827 0.085147
0 0.393926 0.366329 0.081247 0.082177
0 0.410209 0.350488 0.067760 0.106930
0 0.477803 0.402963 0.076642 0.089110
0 0.456588 0.503212 0.053287 0.128217
0 0.622698 0.393064 0.061182 0.098020
0 0.707234 0.238607 0.088811 0.133662
0 0.615298 0.242072 0.097693 0.112873
0 0.547372 0.223508 0.081576 0.120294
0 0.457903 0.199746 0.086180 0.114355
0 0.620068 0.160390 0.078944 0.076237
0 0.702464 0.164844 0.075324 0.079207
0 0.540301 0.424500 0.083878 0.075742
0 0.832393 0.598756 0.103613 0.136140
0 0.938473 0.552468 0.106573 0.137625
0 0.641447 0.600241 0.092760 0.064849
0 0.716773 0.558906 0.086840 0.099010
0 0.726312 0.606428 0.094731 0.091090
0 0.809697 0.295043 0.088482 0.093070
0 0.815947 0.215834 0.077298 0.088117
0 0.896863 0.285637 0.084536 0.120793
0 0.986012 0.301973 0.027976 0.123759
0 0.897030 0.183905 0.081576 0.064853
0 0.970553 0.215836 0.058893 0.101980
1 0.473528 0.819054 0.118087 0.202475
1 0.664967 0.787865 0.133218 0.193562
1 0.573523 0.901231 0.129927 0.194555
1 0.783874 0.894548 0.142100 0.199010
1 0.921871 0.871776 0.156258 0.227726
1 0.694899 0.703953 0.116771 0.151485
1 0.541288 0.684647 0.116113 0.134652
1 0.398103 0.924749 0.127100 0.150502
1 0.485090 0.960987 0.128362 0.078027
1 0.683556 0.939600 0.118889 0.120799
1 0.567270 0.764786 0.087153 0.103365
1 0.877994 0.767993 0.125047 0.141151
