7 0.269990 0.381671 0.105820 0.128711
7 0.522280 0.333653 0.127720 0.151484
7 0.542513 0.218551 0.077600 0.080693
7 0.607863 0.276476 0.116953 0.128222
7 0.681190 0.238853 0.129953 0.122276
7 0.612130 0.180436 0.100247 0.077724
7 0.702913 0.157413 0.094680 0.103964
7 0.781443 0.211373 0.126980 0.086142
7 0.216340 0.537862 0.183413 0.174747
7 0.361883 0.482413 0.184900 0.194551
7 0.514857 0.482418 0.180447 0.222276
7 0.697157 0.412120 0.161140 0.188613
7 0.831193 0.300978 0.147773 0.123769
7 0.827297 0.493058 0.206807 0.208907
7 0.813370 0.716324 0.200500 0.253467
7 0.717950 0.816329 0.185647 0.235644
7 0.554583 0.879196 0.192327 0.216827
7 0.930820 0.456920 0.138360 0.214853
7 0.944557 0.662613 0.110887 0.208409
7 0.931190 0.273253 0.137620 0.136640
7 0.255140 0.780187 0.226120 0.338613
7 0.435583 0.699742 0.207553 0.282667
7 0.608233 0.642809 0.212747 0.242080
7 0.447650 0.266080 0.105447 0.123271
