7 0.682097 0.229940 0.085934 0.078720
7 0.745973 0.323007 0.092421 0.117319
7 0.902935 0.354686 0.083339 0.140097
7 0.851052 0.272500 0.059351 0.154952
7 0.958845 0.196268 0.082310 0.137126
7 0.788465 0.496027 0.070380 0.111860
7 0.752642 0.587101 0.064209 0.103961
7 0.713228 0.483901 0.078797 0.111377
7 0.771116 0.714589 0.076535 0.130193
7 0.680134 0.693792 0.084668 0.121304
7 0.683718 0.580169 0.077500 0.090097
7 0.657453 0.485870 0.080095 0.124251
7 0.693608 0.343804 0.075222 0.131184
7 0.802896 0.391316 0.094051 0.101473
7 0.681131 0.161377 0.072326 0.094058
7 0.874565 0.793539 0.071345 0.152488
7 0.926123 0.576969 0.075886 0.152971
7 0.969059 0.425725 0.061883 0.159420
7 0.624217 0.160145 0.080427 0.089614
7 0.488663 0.741316 0.097294 0.097512
7 0.417959 0.583152 0.060316 0.122778
7 0.540388 0.476232 0.089826 0.076232
7 0.790087 0.253696 0.075554 0.104444
