7 0.198917 0.850973 0.063244 0.104952
7 0.808962 0.604451 0.046769 0.077225
7 0.742423 0.578449 0.040179 0.065838
7 0.701250 0.571773 0.037551 0.074258
7 0.837288 0.577216 0.024372 0.062370
7 0.773551 0.571281 0.032615 0.046532
7 0.606712 0.475732 0.042167 0.069306
7 0.331173 0.409846 0.046115 0.076724
7 0.546929 0.429200 0.051064 0.069306
7 0.524359 0.478459 0.040179 0.050983
7 0.564385 0.482418 0.039205 0.069807
7 0.367404 0.476233 0.050397 0.072274
7 0.380090 0.395039 0.043487 0.059403
7 0.292468 0.468304 0.048756 0.054451
7 0.244865 0.465087 0.048423 0.074759
7 0.208474 0.729942 0.054026 0.076724
7 0.464250 0.709393 0.053038 0.083179
7 0.444647 0.629692 0.050731 0.059422
7 0.430154 0.797765 0.051385 0.100501
7 0.401167 0.875482 0.058641 0.096551
7 0.600782 0.803709 0.060615 0.094547
7 0.518763 0.692071 0.059962 0.083179
7 0.583487 0.901975 0.055667 0.107919
7 0.596994 0.420039 0.029987 0.046050
