7 0.076734 0.588604 0.034156 0.071292
7 0.156188 0.463104 0.061625 0.088625
7 0.285211 0.924490 0.110266 0.115354
7 0.090844 0.932906 0.079469 0.101479
7 0.145977 0.843042 0.095422 0.107917
7 0.194992 0.769542 0.082797 0.095542
7 0.128711 0.744531 0.082422 0.106938
7 0.075617 0.841563 0.060891 0.092083
7 0.086750 0.711125 0.053469 0.067833
7 0.120172 0.627208 0.062375 0.097042
7 0.203523 0.422510 0.064234 0.080687
7 0.287438 0.818792 0.097656 0.112875
7 0.276477 0.706667 0.098016 0.119292
7 0.288922 0.596760 0.089469 0.105438
7 0.296906 0.506177 0.084656 0.092563
