7 0.514383 0.196656 0.074383 0.110229
7 0.353921 0.568583 0.110375 0.203208
7 0.286133 0.478604 0.082783 0.134208
7 0.407158 0.388625 0.085483 0.174708
7 0.675004 0.443365 0.074092 0.164229
7 0.580371 0.431365 0.108575 0.189729
7 0.488142 0.426479 0.092083 0.211458
7 0.422608 0.874833 0.163767 0.250333
7 0.294979 0.853156 0.144875 0.284937
7 0.185804 0.815281 0.152075 0.303688
7 0.566579 0.918385 0.155975 0.145479
7 0.734992 0.215781 0.072883 0.139479
7 0.442104 0.619208 0.119975 0.226458
7 0.660158 0.216531 0.079783 0.110979
7 0.589825 0.198156 0.077683 0.128229
