7 0.405222 0.440846 0.043511 0.085643
7 0.316256 0.445063 0.039667 0.088119
7 0.358722 0.440831 0.052289 0.086614
7 0.476644 0.433166 0.053689 0.100000
7 0.514678 0.435141 0.043089 0.100000
7 0.557178 0.437147 0.053689 0.100000
7 0.599311 0.435141 0.053689 0.100000
7 0.640000 0.431191 0.053689 0.100000
7 0.681989 0.432665 0.043578 0.100000
7 0.730533 0.424937 0.057156 0.111254
7 0.783533 0.433166 0.053689 0.100000
7 0.835700 0.419138 0.063267 0.118464
7 0.889700 0.421050 0.034378 0.113386
7 0.950611 0.419561 0.029889 0.104451
