7 0.763630 0.747288 0.177420 0.257918
7 0.370630 0.885411 0.161140 0.175753
7 0.413610 0.057178 0.192260 0.114356
7 0.340650 0.147288 0.165500 0.143068
7 0.667130 0.159178 0.141300 0.172767
7 0.077090 0.265356 0.154180 0.193068
7 0.083950 0.818575 0.167900 0.168822
7 0.095140 0.675507 0.190280 0.223288
7 0.522390 0.342589 0.162620 0.211863
7 0.781880 0.331205 0.170600 0.216822
7 0.711040 0.527233 0.136600 0.186137
7 0.501260 0.850260 0.155720 0.203479
7 0.117490 0.488384 0.168780 0.230192
7 0.380370 0.373767 0.150340 0.237616
