7 0.220294 0.608583 0.108763 0.141144
7 0.750569 0.935460 0.132987 0.129081
7 0.628506 0.934390 0.120637 0.131220
7 0.502881 0.939381 0.132512 0.121238
7 0.383431 0.940450 0.111137 0.119099
7 0.262556 0.922627 0.130613 0.154747
7 0.124369 0.923349 0.163912 0.153302
7 0.044481 0.914081 0.088962 0.171839
7 0.080656 0.740113 0.065062 0.111932
7 0.876906 0.936173 0.150087 0.127655
7 0.554763 0.631173 0.091700 0.181182
7 0.574381 0.800235 0.082788 0.164859
7 0.947881 0.917392 0.104237 0.165216
7 0.191319 0.763987 0.130613 0.106923
7 0.300819 0.756154 0.084588 0.112645
7 0.398394 0.732261 0.116362 0.164672
7 0.379869 0.833499 0.107813 0.111914
7 0.890469 0.790722 0.133512 0.130450
7 0.961250 0.726220 0.077500 0.108349
7 0.940081 0.649934 0.105438 0.072702
7 0.847931 0.695206 0.106388 0.081970
7 0.827037 0.626407 0.080750 0.059869
7 0.733231 0.643874 0.099262 0.114765
7 0.914669 0.581501 0.109712 0.061313
7 0.877144 0.535159 0.073612 0.042777
7 0.842713 0.491323 0.065550 0.069137
7 0.781675 0.481689 0.060325 0.069869
7 0.810175 0.554765 0.050825 0.059174
7 0.657950 0.546567 0.065550 0.105516
7 0.604994 0.501295 0.051762 0.083415
7 0.621144 0.662054 0.057462 0.119756
7 0.500056 0.735122 0.067013 0.111932
7 0.027619 0.751163 0.055237 0.141163
7 0.042581 0.566173 0.085162 0.131895
7 0.101081 0.605028 0.081212 0.119775
7 0.320263 0.602880 0.076950 0.126886
7 0.384381 0.557261 0.069338 0.121201
7 0.451825 0.566173 0.070300 0.126191
7 0.034106 0.461379 0.063162 0.066285
7 0.090869 0.474559 0.068387 0.085553
7 0.141206 0.488114 0.050337 0.088386
7 0.198919 0.484550 0.066013 0.104071
7 0.250944 0.471717 0.068437 0.096942
7 0.317656 0.477777 0.066963 0.086248
7 0.373937 0.481341 0.062700 0.103358
7 0.431881 0.471717 0.058888 0.058443
7 0.481750 0.490610 0.041800 0.079118
7 0.719938 0.796426 0.093575 0.168949
7 0.628269 0.838846 0.101163 0.114053
