7 0.454403 0.493355 0.061778 0.137661
7 0.504944 0.531658 0.086083 0.174319
7 0.497444 0.363162 0.075889 0.148226
7 0.571083 0.285180 0.087583 0.133239
7 0.591771 0.563021 0.095986 0.190411
7 0.756743 0.612712 0.124181 0.196530
7 0.678153 0.548869 0.072583 0.180977
7 0.643667 0.244357 0.068389 0.149332
7 0.704854 0.204383 0.091792 0.147121
7 0.681903 0.080591 0.098083 0.131568
7 0.790340 0.204113 0.082181 0.159897
7 0.872215 0.169422 0.100792 0.187069
7 0.845069 0.381491 0.068083 0.179332
7 0.911215 0.476710 0.112181 0.184319
7 0.822576 0.574409 0.089681 0.209846
7 0.621924 0.812301 0.064486 0.132674
7 0.524271 0.690720 0.069014 0.137121
