7 0.588818 0.115572 0.144608 0.125248
7 0.706351 0.284863 0.192135 0.121256
7 0.416480 0.104438 0.140635 0.104944
7 0.266601 0.137604 0.160446 0.173262
7 0.174486 0.265324 0.146595 0.125745
7 0.254709 0.510623 0.209311 0.173769
7 0.101527 0.778445 0.192135 0.231196
7 0.307534 0.780426 0.221203 0.232178
7 0.590466 0.785871 0.203365 0.226231
7 0.839399 0.798004 0.257500 0.206930
7 0.853270 0.495775 0.202054 0.154954
7 0.655845 0.502953 0.194122 0.169311
7 0.470959 0.509392 0.191486 0.186140
7 0.507277 0.289331 0.166392 0.123262
7 0.770399 0.122751 0.143284 0.131682
7 0.346824 0.292072 0.174324 0.120821
