7 0.950144 0.163455 0.099713 0.205318
7 0.974547 0.534511 0.050906 0.211705
7 0.961276 0.357364 0.077447 0.205318
7 0.333844 0.127466 0.140166 0.207432
7 0.489637 0.174000 0.158278 0.180682
7 0.500166 0.345784 0.147734 0.170795
7 0.335642 0.333159 0.162221 0.196045
7 0.395536 0.522023 0.170770 0.209409
7 0.550347 0.514602 0.160574 0.179705
7 0.490785 0.706432 0.155952 0.207909
7 0.323640 0.735148 0.189517 0.216841
7 0.350785 0.911477 0.160906 0.117045
7 0.539003 0.890239 0.161571 0.140432
7 0.936163 0.036102 0.127674 0.072205
