7 0.540173 0.034892 0.173903 0.069785
7 0.244400 0.775723 0.340370 0.133662
7 0.748251 0.632681 0.285370 0.130746
7 0.523822 0.509888 0.374550 0.165346
7 0.289729 0.644292 0.368603 0.172769
7 0.782431 0.780927 0.364145 0.159900
7 0.928002 0.508154 0.143995 0.154954
7 0.739330 0.358154 0.276443 0.174754
7 0.446161 0.356419 0.344076 0.160392
7 0.077610 0.472262 0.155219 0.137631
7 0.169301 0.252712 0.160589 0.112377
7 0.255918 0.190335 0.164238 0.106438
7 0.393025 0.103942 0.175381 0.088115
7 0.527904 0.155181 0.196940 0.067823
7 0.318343 0.051223 0.165716 0.075738
