7 0.731211 0.604488 0.142689 0.106927
7 0.592831 0.483948 0.102392 0.096537
7 0.448165 0.312411 0.123522 0.109900
7 0.220936 0.342333 0.156553 0.110345
7 0.183603 0.437634 0.187593 0.107962
7 0.326293 0.616615 0.210059 0.142071
7 0.184272 0.667829 0.150594 0.134699
7 0.345446 0.814610 0.199480 0.163808
7 0.580609 0.615084 0.188915 0.116336
7 0.540973 0.874538 0.217994 0.192572
7 0.761932 0.928719 0.209391 0.125791
7 0.339502 0.424783 0.136062 0.113864
7 0.044250 0.405947 0.088499 0.107862
7 0.099027 0.339610 0.099153 0.090156
7 0.177630 0.230702 0.128217 0.076281
7 0.612972 0.235896 0.137385 0.091637
7 0.675728 0.207461 0.117578 0.078218
7 0.650951 0.338619 0.153908 0.098062
7 0.749042 0.294337 0.140045 0.089610
7 0.840208 0.384683 0.147964 0.106938
7 0.965022 0.399014 0.069955 0.086180
7 0.901939 0.580234 0.196122 0.182183
