7 0.295223 0.087193 0.098246 0.174387
7 0.051773 0.622037 0.103546 0.150995
7 0.319381 0.414861 0.153977 0.216829
7 0.377781 0.560150 0.112192 0.180694
7 0.579635 0.407685 0.137531 0.215347
7 0.615169 0.245550 0.129631 0.172280
7 0.776719 0.561146 0.128315 0.167824
7 0.626519 0.728472 0.127331 0.203472
7 0.817681 0.923773 0.124700 0.151481
7 0.188415 0.804954 0.109262 0.187130
7 0.882658 0.385156 0.148715 0.189109
7 0.777362 0.050498 0.115846 0.100995
7 0.082492 0.057928 0.090154 0.114861
7 0.095142 0.754959 0.113546 0.184155
7 0.607277 0.057784 0.127569 0.115567
7 0.150596 0.228970 0.117792 0.193565
7 0.232850 0.316840 0.122392 0.191088
7 0.920381 0.566846 0.098977 0.176076
7 0.250700 0.915353 0.132431 0.169294
