7 0.673658 0.226164 0.097252 0.120594
7 0.059401 0.081176 0.106693 0.134635
7 0.172316 0.057409 0.112907 0.110890
7 0.142532 0.196027 0.094904 0.165342
7 0.245056 0.232660 0.116374 0.167329
7 0.314848 0.149247 0.073083 0.122283
7 0.338251 0.044041 0.080399 0.084155
7 0.384473 0.128950 0.063387 0.084658
7 0.386725 0.242055 0.078978 0.140594
7 0.439377 0.053459 0.111534 0.106918
7 0.476430 0.224737 0.099760 0.157420
7 0.528219 0.100479 0.078642 0.128721
7 0.568403 0.213105 0.100799 0.138128
7 0.601653 0.103208 0.064776 0.083676
7 0.600383 0.034646 0.093419 0.064361
7 0.676773 0.091610 0.095176 0.144954
7 0.723970 0.324726 0.099792 0.172877
7 0.771621 0.178995 0.119696 0.178219
7 0.771621 0.046130 0.098930 0.092260
7 0.873458 0.051484 0.108898 0.102968
7 0.922093 0.175731 0.109744 0.168128
7 0.953474 0.053858 0.056118 0.107717
7 0.849968 0.288311 0.133419 0.114064
7 0.891118 0.419886 0.115144 0.196621
7 0.781805 0.390776 0.091022 0.114658
7 0.971022 0.351872 0.057955 0.192466
7 0.973099 0.550890 0.053802 0.165160
7 0.812141 0.556221 0.122620 0.220982
7 0.700343 0.599600 0.098514 0.147329
7 0.609105 0.439189 0.120543 0.161575
7 0.555072 0.327820 0.107236 0.103950
7 0.448658 0.347409 0.097252 0.099201
7 0.446589 0.487329 0.103083 0.179406
7 0.546957 0.551769 0.138419 0.156233
7 0.445335 0.695251 0.120543 0.179406
7 0.337484 0.470103 0.105990 0.147329
7 0.257053 0.372374 0.112220 0.119406
7 0.102628 0.326324 0.109313 0.140183
7 0.050168 0.215833 0.100335 0.156826
7 0.043107 0.418710 0.086214 0.158607
7 0.052955 0.566621 0.089776 0.137215
7 0.160607 0.551484 0.129681 0.122374
7 0.245831 0.500091 0.118882 0.159817
7 0.035623 0.698813 0.071246 0.172283
7 0.180567 0.663447 0.098930 0.126530
7 0.306502 0.627820 0.126358 0.144361
7 0.305264 0.763550 0.108898 0.140205
7 0.360343 0.821484 0.115128 0.191872
7 0.103674 0.770685 0.115559 0.142557
7 0.201765 0.813162 0.116374 0.190708
7 0.302556 0.924555 0.124281 0.150890
7 0.151885 0.956929 0.118051 0.086142
7 0.070543 0.906724 0.141086 0.186553
7 0.576893 0.721381 0.145064 0.149703
7 0.484617 0.888014 0.134249 0.175251
7 0.611382 0.913858 0.145064 0.172283
7 0.688075 0.749007 0.106406 0.162169
7 0.807995 0.746324 0.131773 0.178219
7 0.842492 0.913265 0.161693 0.173470
7 0.948994 0.846427 0.102013 0.144361
7 0.972061 0.690491 0.055879 0.165137
