7 0.934328 0.728458 0.088188 0.186083
7 0.441672 0.494903 0.089688 0.219139
7 0.347344 0.532764 0.085188 0.227694
7 0.671273 0.639139 0.107984 0.168500
7 0.571250 0.846306 0.090281 0.217000
7 0.475406 0.888694 0.103781 0.206889
7 0.528961 0.268014 0.088484 0.178083
7 0.564805 0.415458 0.074984 0.142361
7 0.640531 0.263222 0.078281 0.146111
7 0.618641 0.135778 0.074094 0.142889
7 0.429680 0.123264 0.069891 0.102917
7 0.329789 0.087250 0.076484 0.131167
7 0.212969 0.095528 0.085781 0.145556
7 0.809250 0.437319 0.113375 0.206361
7 0.745211 0.918486 0.146078 0.163028
7 0.339070 0.910222 0.107109 0.179556
7 0.214609 0.917764 0.096906 0.146639
7 0.295602 0.154167 0.079484 0.126389
7 0.395187 0.397319 0.050687 0.113583
7 0.875086 0.550625 0.101672 0.175972
