7 0.788359 0.609914 0.091120 0.143563
7 0.748774 0.700517 0.091795 0.130690
7 0.689913 0.769066 0.089788 0.148017
7 0.777384 0.799267 0.079170 0.103477
7 0.836573 0.694037 0.087124 0.135603
7 0.861197 0.787845 0.085792 0.141034
7 0.561873 0.539109 0.084479 0.120805
7 0.516805 0.620503 0.072838 0.119282
7 0.594131 0.639626 0.085792 0.125747
7 0.621236 0.715115 0.085483 0.137126
7 0.548234 0.720316 0.063842 0.091092
7 0.474556 0.695316 0.083475 0.137126
7 0.406892 0.650230 0.079151 0.111437
7 0.371293 0.568793 0.075174 0.098966
7 0.322741 0.487888 0.091776 0.108420
7 0.294633 0.577730 0.077490 0.102989
7 0.336544 0.662874 0.062201 0.098046
7 0.268205 0.651983 0.069846 0.099023
7 0.209836 0.598520 0.084807 0.115833
7 0.146303 0.593563 0.059517 0.100977
7 0.084450 0.585876 0.068166 0.103420
