7 0.370040 0.469094 0.081600 0.089607
7 0.309590 0.527492 0.066860 0.083686
7 0.290080 0.629230 0.090120 0.104924
7 0.130480 0.739139 0.158280 0.229698
7 0.079520 0.596299 0.091760 0.124260
7 0.421010 0.455211 0.061620 0.067825
7 0.443790 0.499532 0.065860 0.078218
7 0.438210 0.572795 0.105860 0.092054
7 0.378400 0.748051 0.110120 0.121782
7 0.276150 0.692100 0.080620 0.079184
7 0.204220 0.644834 0.081600 0.115347
7 0.079970 0.912387 0.159940 0.175227
7 0.192800 0.895785 0.130240 0.183051
7 0.317960 0.934245 0.132520 0.131511
7 0.475670 0.877870 0.109300 0.201782
7 0.550700 0.622931 0.074760 0.116435
7 0.523230 0.569003 0.084380 0.097523
7 0.408930 0.664773 0.112860 0.098610
7 0.570950 0.881299 0.081420 0.138429
7 0.622080 0.957734 0.088480 0.084532
7 0.652550 0.876858 0.081020 0.120000
7 0.598080 0.782976 0.071960 0.089094
7 0.679900 0.502281 0.065680 0.080211
7 0.609670 0.482991 0.063740 0.116435
7 0.560520 0.483278 0.058240 0.102749
7 0.895600 0.891405 0.126640 0.147946
7 0.789020 0.929713 0.092800 0.114048
7 0.910540 0.778233 0.080240 0.103353
7 0.840930 0.668036 0.067660 0.083746
7 0.773270 0.690906 0.070820 0.093837
7 0.700920 0.605665 0.070040 0.120574
7 0.795120 0.630030 0.067240 0.070695
7 0.978080 0.847447 0.043840 0.121782
