7 0.257203 0.228076 0.085484 0.155708
7 0.338039 0.249937 0.088781 0.131181
7 0.186871 0.307521 0.078586 0.134375
7 0.218359 0.430694 0.073187 0.141833
7 0.293496 0.400833 0.084883 0.143972
7 0.281648 0.551472 0.104984 0.189306
7 0.355434 0.472292 0.094180 0.185556
7 0.363531 0.652785 0.095984 0.186097
7 0.447367 0.495215 0.114875 0.194097
7 0.460414 0.646382 0.080984 0.175431
7 0.544246 0.576799 0.119680 0.189819
7 0.621633 0.705306 0.108875 0.221833
7 0.521453 0.768229 0.105875 0.187708
7 0.664223 0.829812 0.097477 0.175431
7 0.826488 0.869542 0.107680 0.191972
7 0.811043 0.722104 0.102586 0.153042
7 0.819742 0.550410 0.125375 0.191431
7 0.735461 0.427229 0.093578 0.170097
7 0.704711 0.264069 0.108281 0.144500
7 0.651625 0.184611 0.092078 0.123167
7 0.552941 0.219542 0.126273 0.166361
7 0.528203 0.364576 0.126578 0.179153
7 0.445117 0.297653 0.089984 0.137028
7 0.373434 0.101965 0.072586 0.119986
7 0.318691 0.056715 0.105883 0.113431
7 0.445117 0.141424 0.098375 0.138097
