7 0.103819 0.744811 0.162454 0.316333
7 0.260788 0.733428 0.163823 0.314367
7 0.423754 0.742828 0.163477 0.324256
7 0.581577 0.746544 0.156969 0.316822
7 0.739750 0.751250 0.157315 0.333167
7 0.896888 0.746050 0.169992 0.332678
7 0.867758 0.505456 0.160392 0.234644
7 0.728954 0.512144 0.139831 0.194556
7 0.578496 0.479961 0.116531 0.177722
7 0.439004 0.505206 0.137777 0.195544
7 0.292492 0.461400 0.116185 0.210889
7 0.136381 0.472039 0.132977 0.184656
7 0.183850 0.311400 0.109331 0.192089
7 0.308942 0.262144 0.112762 0.194556
7 0.418442 0.266350 0.115838 0.218811
7 0.545592 0.266839 0.109677 0.186144
7 0.701192 0.249267 0.128862 0.182667
7 0.823885 0.235906 0.087738 0.138122
