7 0.882209 0.928470 0.153036 0.143060
7 0.930364 0.909877 0.139273 0.171284
7 0.558800 0.629426 0.099164 0.155956
7 0.393591 0.716557 0.117291 0.157923
7 0.453718 0.581161 0.078091 0.154454
7 0.384364 0.553948 0.077745 0.128716
7 0.310082 0.606161 0.081364 0.113361
7 0.220800 0.614344 0.112982 0.107923
7 0.110109 0.612117 0.105091 0.103470
7 0.037473 0.474973 0.066545 0.084645
7 0.088364 0.474727 0.066873 0.100984
7 0.140909 0.489085 0.066545 0.095055
7 0.199218 0.480178 0.083018 0.109918
7 0.258682 0.471011 0.070164 0.101475
7 0.315027 0.477199 0.074127 0.103962
7 0.382382 0.476940 0.072473 0.091585
7 0.440036 0.470041 0.053382 0.061885
7 0.484345 0.497514 0.049091 0.067322
7 0.607882 0.498989 0.064236 0.098033
7 0.653509 0.559631 0.052036 0.102486
7 0.726973 0.643538 0.097509 0.121776
7 0.712155 0.534631 0.059291 0.098005
7 0.775900 0.485874 0.066200 0.091585
7 0.836191 0.493538 0.065545 0.077240
7 0.872427 0.540068 0.080055 0.054454
7 0.907173 0.581161 0.099473 0.054454
7 0.936291 0.650232 0.127418 0.088607
7 0.823173 0.627705 0.098818 0.072295
7 0.853318 0.702445 0.118927 0.089098
7 0.956218 0.730178 0.087564 0.095055
7 0.885918 0.783388 0.163727 0.101475
7 0.194791 0.764153 0.120673 0.129180
7 0.123355 0.917377 0.161109 0.165246
7 0.269655 0.923361 0.139455 0.153279
7 0.377809 0.937049 0.118964 0.125902
7 0.501627 0.934057 0.142309 0.131885
7 0.631427 0.936189 0.144600 0.127623
7 0.754955 0.931913 0.170782 0.136175
