8 0.772625 0.793043 0.099464 0.240000
8 0.813714 0.939488 0.155679 0.121023
8 0.924518 0.841803 0.107036 0.284885
8 0.982527 0.800013 0.034946 0.179616
8 0.646491 0.660691 0.063196 0.124552
8 0.663982 0.884399 0.128643 0.212123
8 0.560741 0.896777 0.129732 0.181176
8 0.552634 0.734194 0.109196 0.212123
8 0.391009 0.765946 0.138375 0.226061
8 0.368304 0.924003 0.125393 0.151995
8 0.091446 0.969680 0.148107 0.060639
8 0.251446 0.930972 0.096214 0.138056
8 0.219009 0.751995 0.087554 0.195090
8 0.135223 0.691611 0.082161 0.148645
8 0.145500 0.845691 0.128643 0.255473
8 0.051938 0.861944 0.103875 0.219847
8 0.828321 0.651598 0.070500 0.135320
