8 0.838906 0.786089 0.091542 0.167302
8 0.727375 0.787672 0.127313 0.126260
8 0.771573 0.669823 0.106271 0.164146
8 0.901516 0.642990 0.094698 0.129417
8 0.873635 0.580917 0.078917 0.104167
8 0.560083 0.591958 0.116792 0.153625
8 0.625312 0.652458 0.083125 0.099958
8 0.543245 0.714542 0.207281 0.085229
8 0.485375 0.670354 0.072604 0.112583
8 0.365953 0.519885 0.105219 0.171500
8 0.312812 0.634047 0.095750 0.124156
8 0.413297 0.634047 0.117844 0.126260
8 0.181292 0.502526 0.095750 0.115740
8 0.126047 0.596698 0.096802 0.099958
8 0.216010 0.584073 0.091542 0.139937
