8 0.591733 0.502833 0.109422 0.090467
8 0.972644 0.584950 0.054711 0.119900
8 0.821133 0.593850 0.105200 0.093633
8 0.663289 0.615433 0.095378 0.111533
8 0.710733 0.823767 0.189378 0.197800
8 0.523711 0.596483 0.094000 0.119967
8 0.558511 0.744850 0.126267 0.185167
8 0.320711 0.743267 0.155733 0.188333
8 0.201467 0.717483 0.141689 0.155700
8 0.919533 0.797450 0.160933 0.170433
3 0.228089 0.364400 0.159022 0.125400
3 0.074289 0.365717 0.148578 0.129767
8 0.655733 0.358183 0.059644 0.049100
8 0.559867 0.344150 0.092356 0.056100
8 0.482711 0.334950 0.059644 0.079767
8 0.456422 0.333183 0.042089 0.088567
8 0.397378 0.294617 0.064267 0.037700
8 0.603133 0.272250 0.064311 0.038567
8 0.254067 0.540717 0.095422 0.103100
8 0.416800 0.482317 0.120622 0.095767
8 0.343200 0.455483 0.085511 0.117833
8 0.173400 0.602800 0.113644 0.090467
8 0.703978 0.503367 0.106622 0.089467
8 0.639444 0.467067 0.078533 0.082067
