8 0.773906 0.393446 0.084767 0.081842
8 0.630689 0.419387 0.075022 0.053342
8 0.889444 0.352754 0.065556 0.051392
8 0.313683 0.432121 0.061700 0.058458
8 0.269267 0.372800 0.073689 0.053900
8 0.189444 0.377171 0.073067 0.040592
8 0.162044 0.351800 0.068333 0.034500
8 0.107244 0.397975 0.104867 0.053783
8 0.026050 0.378942 0.052100 0.060383
8 0.400189 0.425204 0.063822 0.071058
8 0.352228 0.378125 0.078456 0.074000
8 0.426583 0.348508 0.058456 0.054800
8 0.491878 0.351067 0.068244 0.062833
8 0.565900 0.355083 0.085733 0.069417
8 0.725189 0.349238 0.078911 0.072342
8 0.643839 0.365312 0.072100 0.076725
8 0.467017 0.420112 0.069167 0.066492
8 0.543011 0.411712 0.092556 0.075992
8 0.240883 0.803975 0.238500 0.249367
8 0.104789 0.761496 0.087689 0.126408
8 0.051694 0.834562 0.096456 0.116175
8 0.934844 0.822812 0.130311 0.147308
8 0.786100 0.846488 0.206933 0.113992
8 0.936017 0.685150 0.127967 0.073650
8 0.854494 0.724171 0.112233 0.095575
8 0.802467 0.773713 0.092356 0.092942
8 0.643472 0.743458 0.094700 0.081550
8 0.663344 0.665858 0.125089 0.096450
8 0.751617 0.711454 0.079500 0.108725
8 0.959467 0.588854 0.081067 0.119342
8 0.887678 0.590987 0.111222 0.083425
8 0.804867 0.642442 0.122600 0.052367
8 0.568128 0.556583 0.077122 0.102300
8 0.622522 0.607121 0.082000 0.077942
8 0.550267 0.640917 0.080378 0.073683
8 0.696806 0.557192 0.081189 0.049933
8 0.757700 0.588858 0.099044 0.052367
8 0.478417 0.526446 0.064944 0.050542
8 0.483950 0.583183 0.091344 0.061900
8 0.830083 0.325854 0.088656 0.054808
8 0.958317 0.390887 0.083367 0.088408
8 0.904456 0.416096 0.080867 0.052608
8 0.831872 0.407692 0.074033 0.073800
8 0.719833 0.416825 0.072089 0.064300
