1 0.297754 0.304165 0.053215 0.069416
1 0.457300 0.016291 0.032000 0.032582
1 0.973192 0.503970 0.046477 0.046178
1 0.935665 0.485958 0.058285 0.059867
1 0.913573 0.444606 0.049146 0.063432
1 0.738296 0.515133 0.051808 0.072561
1 0.746485 0.452976 0.059046 0.060891
1 0.702292 0.437500 0.044569 0.054303
1 0.684008 0.468709 0.052954 0.055820
1 0.874377 0.406214 0.050800 0.062162
1 0.815965 0.400512 0.039362 0.043975
1 0.783108 0.424821 0.041585 0.049477
1 0.821362 0.442162 0.045708 0.040164
1 0.913585 0.382326 0.041585 0.062582
1 0.870569 0.360548 0.040631 0.044395
1 0.777396 0.388453 0.042223 0.035943
1 0.983573 0.385543 0.032854 0.060492
1 0.219585 0.381619 0.066923 0.085492
1 0.192154 0.341071 0.062538 0.071609
1 0.205592 0.276404 0.053215 0.062111
1 0.228635 0.294667 0.049915 0.047490
1 0.255788 0.339606 0.064731 0.086219
1 0.297754 0.392582 0.056508 0.079652
1 0.322442 0.437884 0.069669 0.063576
1 0.354808 0.397326 0.057600 0.078914
1 0.344658 0.340702 0.068023 0.059191
1 0.271696 0.272751 0.037300 0.041650
1 0.314212 0.259964 0.055408 0.049682
1 0.354058 0.257418 0.044762 0.049898
1 0.345992 0.294206 0.046985 0.044826
1 0.400119 0.286803 0.058100 0.071455
1 0.387419 0.341983 0.047300 0.064273
1 0.450681 0.461701 0.066285 0.049324
1 0.455477 0.414821 0.064000 0.073678
1 0.503250 0.412684 0.048915 0.062111
1 0.553308 0.438263 0.064000 0.071855
1 0.500281 0.462008 0.047546 0.037746
1 0.413881 0.409949 0.034746 0.083422
1 0.603365 0.389851 0.055315 0.068801
1 0.563365 0.342357 0.053946 0.077336
1 0.508738 0.343883 0.052569 0.073074
1 0.453654 0.338094 0.059431 0.070020
1 0.454977 0.286947 0.050292 0.043238
1 0.521265 0.288473 0.050285 0.062111
1 0.589608 0.267162 0.048000 0.055410
1 0.605835 0.313678 0.042515 0.040799
1 0.647438 0.320072 0.041600 0.056025
1 0.685377 0.334078 0.035200 0.058463
1 0.722181 0.329816 0.048454 0.053586
1 0.704808 0.280492 0.042969 0.045061
1 0.740465 0.277449 0.035654 0.048709
1 0.779781 0.304846 0.042054 0.051148
1 0.764923 0.324334 0.040692 0.045061
1 0.752812 0.334380 0.026515 0.037141
1 0.561677 0.233525 0.041538 0.051455
1 0.629731 0.270574 0.036846 0.056086
1 0.474373 0.219995 0.044762 0.044395
1 0.484500 0.194370 0.031431 0.027059
1 0.519108 0.196481 0.033969 0.023678
1 0.561485 0.192679 0.040631 0.037203
1 0.081258 0.028366 0.046100 0.056732
1 0.136308 0.029887 0.060185 0.059775
1 0.173450 0.026844 0.042285 0.053689
1 0.213831 0.034657 0.052185 0.050236
1 0.226215 0.020246 0.054092 0.040492
1 0.269450 0.018981 0.033900 0.037961
1 0.302596 0.052674 0.055238 0.071045
1 0.298596 0.113053 0.051808 0.074078
1 0.258596 0.129293 0.042669 0.057848
1 0.225450 0.128023 0.041900 0.066475
1 0.186785 0.080328 0.046862 0.063422
1 0.218785 0.078806 0.048385 0.052264
1 0.258596 0.064339 0.047238 0.066977
1 0.203069 0.141598 0.024446 0.060471
1 0.428346 0.101583 0.033523 0.047695
1 0.451777 0.101081 0.028569 0.043637
1 0.484919 0.090174 0.036192 0.049221
1 0.510254 0.084083 0.032000 0.044150
1 0.437112 0.057951 0.036577 0.040594
1 0.413108 0.026235 0.027431 0.037039
1 0.435015 0.020656 0.033138 0.040082
1 0.473108 0.046532 0.035431 0.036035
1 0.460538 0.067085 0.027046 0.047695
8 0.039150 0.525907 0.078300 0.184129
8 0.143473 0.496445 0.163515 0.152561
8 0.192846 0.609554 0.145354 0.159928
8 0.105162 0.660061 0.140615 0.155717
8 0.046262 0.728458 0.092523 0.189395
8 0.347042 0.867054 0.435715 0.265891
8 0.419935 0.724288 0.260454 0.220359
8 0.658269 0.799559 0.288292 0.248730
8 0.614862 0.895415 0.322692 0.209170
8 0.852369 0.948873 0.198185 0.102254
1 0.960262 0.731311 0.079477 0.096455
1 0.879708 0.726926 0.080308 0.094693
1 0.805188 0.719913 0.067808 0.089436
1 0.735742 0.708950 0.076362 0.076281
1 0.673858 0.679144 0.057931 0.076281
1 0.718000 0.632669 0.072477 0.079785
1 0.785438 0.649764 0.062538 0.087684
1 0.848635 0.652398 0.073069 0.091189
1 0.915485 0.669493 0.058000 0.064006
1 0.950673 0.625656 0.063854 0.092070
1 0.985046 0.665113 0.029908 0.085061
1 0.896031 0.550246 0.071754 0.092070
1 0.771946 0.568663 0.075046 0.081547
1 0.831192 0.562526 0.050031 0.051732
1 0.962192 0.565154 0.063200 0.062254
1 0.703808 0.546301 0.071754 0.078914
1 0.653785 0.598473 0.062538 0.071025
8 0.583950 0.657116 0.161146 0.140994
1 0.591058 0.569257 0.060038 0.049457
1 0.638638 0.524728 0.062477 0.075605
1 0.585300 0.530558 0.048000 0.037551
1 0.804008 0.503161 0.067431 0.075092
1 0.860200 0.486419 0.055615 0.056834
1 0.922146 0.510312 0.057908 0.064949
1 0.968812 0.422782 0.046100 0.046178
1 0.970335 0.464395 0.047623 0.043135
