8 0.445700 0.407293 0.141617 0.154053
8 0.426341 0.290888 0.127633 0.127633
8 0.539487 0.289083 0.077475 0.139172
8 0.559093 0.164216 0.071321 0.156538
8 0.459034 0.194985 0.104024 0.113935
8 0.347584 0.175074 0.098836 0.117308
8 0.661105 0.250577 0.132426 0.213521
8 0.282357 0.358550 0.163964 0.191893
8 0.163895 0.532056 0.113511 0.186479
8 0.284162 0.529349 0.121617 0.191893
8 0.394073 0.548269 0.103609 0.178373
8 0.508037 0.546257 0.118915 0.212160
8 0.648935 0.568654 0.130809 0.191331
8 0.758126 0.480266 0.174043 0.231893
8 0.599744 0.369201 0.160000 0.207574
