8 0.526025 0.595590 0.067583 0.087714
8 0.559525 0.498693 0.063083 0.100603
8 0.236925 0.692274 0.085717 0.132035
8 0.291042 0.754523 0.067583 0.084874
8 0.366742 0.729058 0.058817 0.132035
8 0.316383 0.654083 0.054433 0.095251
8 0.583400 0.696508 0.127000 0.091508
8 0.547917 0.640879 0.116367 0.061307
8 0.664917 0.722450 0.076333 0.067915
8 0.749375 0.659736 0.068817 0.082035
8 0.674925 0.649359 0.067583 0.087714
8 0.671167 0.534774 0.108867 0.090553
8 0.644267 0.589950 0.102600 0.065075
8 0.495058 0.526746 0.080717 0.070729
