8 0.400743 0.591799 0.063818 0.114964
8 0.043171 0.921103 0.086342 0.157794
8 0.048578 0.802326 0.097157 0.117650
8 0.041821 0.656259 0.083642 0.144700
8 0.118331 0.748225 0.089185 0.152806
8 0.110224 0.890228 0.072971 0.152830
8 0.194904 0.869257 0.087380 0.170408
8 0.306158 0.908477 0.129728 0.167698
8 0.389497 0.867230 0.096406 0.152830
8 0.488594 0.864532 0.090990 0.147434
8 0.574177 0.912542 0.089185 0.143357
8 0.282284 0.796235 0.118019 0.116307
8 0.224633 0.727254 0.128818 0.113597
8 0.213818 0.562266 0.087380 0.137962
8 0.474633 0.472998 0.140543 0.232614
8 0.596709 0.677890 0.181086 0.198801
