8 0.237554 0.681866 0.131378 0.203773
8 0.441797 0.436917 0.124324 0.162272
8 0.581446 0.306420 0.129730 0.169026
8 0.148088 0.617535 0.127635 0.150243
8 0.266331 0.515172 0.096338 0.133347
8 0.475007 0.326947 0.094365 0.149473
8 0.244973 0.412282 0.098676 0.101724
0 0.782095 0.064229 0.095730 0.104239
0 0.617811 0.044564 0.075703 0.089128
0 0.533966 0.047333 0.086959 0.079817
0 0.680432 0.076907 0.097595 0.122089
0 0.897209 0.061460 0.108230 0.122921
0 0.812439 0.118702 0.115122 0.132414
8 0.313986 0.337475 0.067784 0.090000
8 0.812581 0.519949 0.086459 0.153245
8 0.675649 0.325548 0.116216 0.153367
8 0.341662 0.414239 0.083405 0.088682
8 0.161223 0.498742 0.117608 0.121136
8 0.384142 0.303712 0.093689 0.125761
8 0.379730 0.541582 0.157649 0.209615
8 0.378020 0.756866 0.134230 0.200142
8 0.526669 0.806227 0.128824 0.247465
8 0.678649 0.893986 0.149919 0.206633
8 0.626432 0.665771 0.128378 0.260304
8 0.758561 0.702394 0.129878 0.218621
8 0.575223 0.465172 0.139635 0.194726
8 0.710270 0.497099 0.124324 0.166329
