6 0.109018 0.073351 0.096145 0.146703
8 0.022591 0.749074 0.045182 0.172153
8 0.080473 0.770395 0.103600 0.201281
8 0.117255 0.888025 0.118618 0.180027
8 0.158918 0.785640 0.054818 0.101253
8 0.229864 0.672575 0.094600 0.178883
8 0.299200 0.548869 0.077164 0.144550
8 0.209264 0.546131 0.092273 0.139074
8 0.046345 0.597302 0.077164 0.150790
0 0.117236 0.626989 0.086545 0.110163
0 0.083200 0.435886 0.065164 0.082016
0 0.050618 0.395259 0.063600 0.071117
0 0.069900 0.331975 0.059436 0.077357
0 0.158791 0.359319 0.070382 0.088283
0 0.179382 0.204223 0.054218 0.068774
0 0.239091 0.202657 0.055782 0.075014
0 0.193991 0.287439 0.059436 0.075804
0 0.140545 0.291335 0.052655 0.055477
0 0.158009 0.245245 0.055255 0.050763
0 0.225273 0.262439 0.047964 0.066403
0 0.249509 0.328460 0.054727 0.056267
0 0.272191 0.286649 0.043800 0.058583
0 0.286000 0.243297 0.043273 0.053134
0 0.279645 0.459142 0.052127 0.068365
0 0.354282 0.475409 0.062127 0.079428
0 0.366018 0.401512 0.057782 0.069673
0 0.308227 0.399877 0.053436 0.084659
0 0.316491 0.341608 0.056036 0.064469
0 0.325391 0.290504 0.047800 0.042970
0 0.367973 0.337698 0.052127 0.072289
0 0.461536 0.257616 0.049436 0.059155
0 0.462482 0.308202 0.047545 0.047793
0 0.455873 0.371948 0.060618 0.066567
0 0.452464 0.431022 0.037545 0.062807
0 0.408355 0.308678 0.040673 0.058120
0 0.407100 0.360245 0.035655 0.050627
0 0.178982 0.137520 0.046909 0.063869
0 0.232200 0.138787 0.049964 0.067711
0 0.284336 0.145300 0.050818 0.072943
0 0.331909 0.148556 0.039964 0.071608
0 0.343636 0.092234 0.040836 0.050136
0 0.355591 0.060981 0.038673 0.051444
0 0.323009 0.028787 0.038673 0.050872
0 0.308664 0.069114 0.031727 0.045586
0 0.261309 0.071431 0.047345 0.058011
0 0.214173 0.074973 0.045182 0.058610
0 0.276955 0.036240 0.043873 0.060545
0 0.232845 0.032657 0.046055 0.052071
6 0.725055 0.223256 0.073818 0.130327
6 0.733491 0.367643 0.091964 0.158447
6 0.673436 0.281390 0.051927 0.137820
6 0.669682 0.425777 0.048164 0.122834
6 0.781664 0.277643 0.041909 0.126567
6 0.858618 0.396458 0.153891 0.133896
6 0.862000 0.274946 0.117127 0.115886
4 0.064636 0.236063 0.129273 0.303733
