8 0.439635 0.262918 0.048175 0.119148
8 0.465903 0.174689 0.059434 0.095541
8 0.586971 0.134787 0.071314 0.092197
8 0.522208 0.107820 0.056934 0.089934
8 0.566004 0.209525 0.061934 0.106787
8 0.579617 0.418475 0.060474 0.114262
8 0.571277 0.321066 0.063613 0.093672
8 0.363513 0.618000 0.073522 0.095541
8 0.343960 0.511230 0.085511 0.136754
8 0.456314 0.576787 0.064124 0.104918
8 0.490201 0.480787 0.069343 0.132066
8 0.555137 0.523869 0.075128 0.124590
8 0.551423 0.641344 0.064672 0.134885
8 0.392920 0.286311 0.055255 0.112426
8 0.253951 0.946246 0.068485 0.105213
8 0.195392 0.877459 0.057646 0.148885
8 0.223321 0.682410 0.061277 0.131115
8 0.275119 0.661377 0.067573 0.163475
8 0.339991 0.705885 0.087391 0.119770
8 0.413859 0.669459 0.076588 0.124623
8 0.505301 0.685656 0.066661 0.150525
8 0.445392 0.779525 0.071186 0.124623
8 0.246296 0.822426 0.071168 0.165115
8 0.320620 0.843459 0.070255 0.152164
8 0.423321 0.928213 0.091898 0.143574
8 0.516113 0.925197 0.059453 0.131115
8 0.532783 0.779525 0.062172 0.147311
8 0.347044 0.398344 0.056825 0.098328
8 0.283695 0.495770 0.071953 0.107738
8 0.446323 0.378623 0.082427 0.090951
8 0.360766 0.193885 0.063431 0.114000
8 0.616542 0.263836 0.054142 0.108656
8 0.409498 0.113770 0.047974 0.115213
8 0.499069 0.260459 0.066314 0.116918
8 0.463714 0.097836 0.074033 0.066492
8 0.531341 0.041820 0.066223 0.076820
