8 0.359188 0.497738 0.236125 0.123736
8 0.742663 0.426401 0.255075 0.167930
8 0.527625 0.340948 0.144825 0.114863
8 0.920675 0.358924 0.105325 0.135907
8 0.770112 0.155499 0.180725 0.074533
8 0.885012 0.135330 0.113700 0.079799
8 0.886806 0.208104 0.119688 0.071026
8 0.473287 0.252825 0.159175 0.092060
8 0.201181 0.216071 0.134638 0.075256
8 0.055406 0.285559 0.110813 0.106685
8 0.338219 0.169016 0.139637 0.040192
8 0.390087 0.209203 0.121675 0.047491
8 0.524444 0.158356 0.095588 0.037555
8 0.465919 0.087317 0.074113 0.037546
8 0.517519 0.128420 0.102512 0.035522
8 0.653625 0.084272 0.079650 0.050742
8 0.764788 0.064739 0.073425 0.051255
8 0.588856 0.047990 0.085887 0.026896
8 0.536919 0.068800 0.092813 0.053278
8 0.068000 0.488901 0.136000 0.169194
8 0.216137 0.397358 0.205100 0.109844
