8 0.185879 0.868574 0.114883 0.152773
0 0.038652 0.285176 0.063789 0.070195
0 0.098027 0.327559 0.059648 0.053242
0 0.046562 0.231621 0.060859 0.046211
0 0.105937 0.293066 0.064922 0.047383
8 0.370215 0.814922 0.170430 0.169219
8 0.418828 0.944707 0.131328 0.110586
8 0.550156 0.921602 0.156562 0.155312
8 0.644824 0.869199 0.113633 0.143945
8 0.696602 0.774512 0.118672 0.116133
8 0.518574 0.665918 0.136367 0.151523
8 0.444082 0.753672 0.116133 0.099766
0 0.074336 0.355938 0.066094 0.057344
8 0.283105 0.900781 0.119961 0.194453
8 0.164102 0.706934 0.138516 0.132383
8 0.296484 0.687637 0.145547 0.120117
8 0.371914 0.591211 0.117500 0.097344
8 0.141289 0.801191 0.110469 0.099961
8 0.583223 0.586367 0.138555 0.113984
8 0.650859 0.690742 0.099219 0.091328
8 0.567207 0.784707 0.138242 0.113398
0 0.029707 0.387832 0.059414 0.059102
