8 0.429072 0.389804 0.138379 0.237076
8 0.498257 0.178501 0.140537 0.259758
8 0.330146 0.265084 0.104863 0.185549
8 0.489609 0.567086 0.147031 0.261806
8 0.504199 0.780456 0.128652 0.243259
8 0.374473 0.781490 0.135137 0.245326
8 0.262041 0.800037 0.115684 0.212328
8 0.337178 0.564004 0.138379 0.235009
8 0.745825 0.129451 0.136221 0.258901
8 0.646909 0.339302 0.130811 0.272123
8 0.767983 0.371257 0.122158 0.237076
8 0.845825 0.215605 0.115674 0.202011
8 0.896099 0.535149 0.127568 0.284488
8 0.784204 0.567095 0.117842 0.212328
8 0.662578 0.584618 0.129727 0.222644
8 0.665825 0.799004 0.125400 0.214395
8 0.788525 0.779432 0.120000 0.232942
8 0.918799 0.785605 0.144863 0.241192
8 0.278799 0.395987 0.123242 0.245307
