8 0.365903 0.483861 0.160335 0.198657
8 0.594121 0.544616 0.175911 0.362230
8 0.731118 0.636930 0.166581 0.317842
8 0.900032 0.661463 0.171246 0.376259
8 0.899417 0.344808 0.201166 0.280456
8 0.707772 0.260683 0.185256 0.345875
8 0.360455 0.261835 0.183690 0.320168
8 0.469433 0.361163 0.146342 0.275755
8 0.240583 0.449976 0.149441 0.182302
8 0.180647 0.245480 0.169696 0.278106
8 0.064249 0.196415 0.128498 0.259400
8 0.111374 0.414916 0.152556 0.154245
8 0.173051 0.060264 0.188115 0.120528
8 0.328331 0.079940 0.162157 0.159880
8 0.533307 0.064353 0.107668 0.128705
8 0.671470 0.056571 0.158275 0.113141
