8 0.078481 0.124267 0.156963 0.248534
8 0.604437 0.884408 0.173000 0.231184
8 0.945588 0.874173 0.108825 0.251654
8 0.780844 0.881335 0.152563 0.237331
8 0.861206 0.634652 0.193438 0.325695
8 0.890419 0.351974 0.219163 0.247857
8 0.921750 0.128365 0.156500 0.256729
8 0.757681 0.102763 0.177088 0.205526
8 0.592856 0.105836 0.147113 0.211673
8 0.425312 0.116071 0.179800 0.232143
8 0.246187 0.123242 0.173000 0.246485
8 0.246194 0.848562 0.205688 0.302876
8 0.707963 0.278242 0.211125 0.260132
8 0.298631 0.598816 0.256087 0.299060
8 0.071675 0.884408 0.143350 0.231184
8 0.087338 0.613139 0.174675 0.282669
8 0.100962 0.344803 0.201925 0.217124
8 0.306125 0.331504 0.181175 0.231466
8 0.430762 0.872124 0.155275 0.255752
