8 0.632354 0.886223 0.085938 0.115585
8 0.194246 0.851646 0.098769 0.125446
8 0.117223 0.814608 0.071062 0.146200
8 0.312792 0.889185 0.118538 0.139292
8 0.419962 0.904000 0.109646 0.159046
8 0.553815 0.901531 0.098769 0.130385
8 0.717800 0.878323 0.096800 0.113600
8 0.841769 0.851154 0.129415 0.106677
8 0.923762 0.826946 0.068169 0.107677
8 0.972992 0.821515 0.054015 0.100754
8 0.937592 0.727669 0.097800 0.108662
8 0.850654 0.749408 0.113615 0.102723
8 0.766200 0.748415 0.075077 0.124462
8 0.677300 0.775585 0.098785 0.133354
8 0.569623 0.780523 0.102723 0.131385
8 0.483677 0.782500 0.092862 0.147185
8 0.408600 0.780523 0.077046 0.111631
8 0.377985 0.707915 0.094831 0.100754
8 0.334023 0.644700 0.080015 0.110631
8 0.273269 0.782500 0.108662 0.129400
8 0.378331 0.568931 0.064600 0.072600
8 0.442362 0.580362 0.065738 0.088600
8 0.531254 0.574923 0.089185 0.109754
8 0.596685 0.668108 0.099769 0.106677
8 0.496900 0.688162 0.072877 0.088138
8 0.734946 0.626208 0.072446 0.089738
8 0.823038 0.621269 0.085615 0.111123
8 0.974900 0.639792 0.050200 0.108662
8 0.689269 0.558992 0.073492 0.107862
8 0.618715 0.586531 0.077738 0.077738
8 0.598208 0.502308 0.083000 0.080954
8 0.425677 0.460800 0.086431 0.078892
8 0.447631 0.389115 0.069969 0.071338
8 0.511769 0.347269 0.076154 0.074077
8 0.593400 0.410731 0.074769 0.110446
8 0.650346 0.392885 0.063800 0.059677
8 0.708992 0.464923 0.068600 0.088492
8 0.642454 0.466285 0.061738 0.080262
8 0.852362 0.492354 0.101523 0.084369
8 0.517877 0.286008 0.058985 0.065862
8 0.580369 0.300962 0.065169 0.066538
8 0.635931 0.332523 0.059677 0.085754
8 0.830392 0.418131 0.080785 0.071677
8 0.918385 0.468769 0.063446 0.064031
