8 0.451696 0.697269 0.121285 0.186339
0 0.025035 0.154729 0.050069 0.089180
0 0.243712 0.229908 0.062069 0.085173
0 0.195538 0.168170 0.051031 0.093176
0 0.186777 0.073557 0.058646 0.092610
0 0.136131 0.098424 0.075400 0.086316
0 0.070058 0.069555 0.072731 0.089180
0 0.140700 0.175883 0.080738 0.110912
0 0.073296 0.160733 0.064731 0.096617
8 0.739381 0.538378 0.106131 0.133707
8 0.650308 0.519885 0.113708 0.156467
8 0.705269 0.413199 0.090969 0.193464
8 0.636096 0.347766 0.098546 0.201998
8 0.521912 0.349186 0.124131 0.264584
8 0.353242 0.253170 0.112762 0.183499
8 0.220958 0.451178 0.103285 0.220485
8 0.309558 0.464694 0.132669 0.224746
8 0.351727 0.649619 0.105177 0.153626
8 0.157469 0.614769 0.118446 0.146513
8 0.251754 0.616189 0.123185 0.157898
8 0.561142 0.580629 0.110869 0.214792
8 0.425638 0.518037 0.114662 0.266005
8 0.588619 0.759856 0.173408 0.211952
