8 0.739774 0.857788 0.215540 0.264248
8 0.538546 0.884336 0.208723 0.231327
8 0.854371 0.817832 0.152790 0.266283
8 0.925138 0.732832 0.149725 0.235575
8 0.554921 0.551549 0.159627 0.319558
8 0.415079 0.503407 0.152790 0.268348
8 0.324361 0.446047 0.115953 0.202773
8 0.389155 0.293451 0.155521 0.208909
8 0.496257 0.238156 0.162338 0.229410
8 0.696935 0.527168 0.177367 0.309322
8 0.767790 0.230870 0.135540 0.167935
8 0.608939 0.188009 0.108173 0.120914
8 0.404862 0.056667 0.134204 0.113333
8 0.526051 0.050737 0.112888 0.101475
8 0.625128 0.043038 0.080511 0.086077
