8 0.880476 0.119820 0.090286 0.095826
8 0.788889 0.891801 0.214857 0.216398
8 0.924500 0.749460 0.151000 0.177521
8 0.916135 0.612903 0.141952 0.150212
8 0.782492 0.711907 0.171365 0.177542
8 0.649484 0.829693 0.168810 0.238962
8 0.594500 0.681176 0.133000 0.194597
8 0.695524 0.553157 0.148349 0.143390
8 0.735810 0.460985 0.144508 0.122903
8 0.382841 0.342352 0.129175 0.107542
8 0.400230 0.426197 0.117794 0.120191
8 0.487802 0.466939 0.112873 0.167097
8 0.298032 0.465074 0.106571 0.112606
8 0.334302 0.705106 0.099175 0.231144
8 0.201079 0.684364 0.131746 0.195593
8 0.179992 0.564831 0.111762 0.148178
8 0.883444 0.259110 0.122857 0.141271
8 0.966516 0.201811 0.066968 0.145191
8 0.819056 0.178104 0.108048 0.117564
8 0.732095 0.268485 0.122127 0.114597
7 0.341325 0.166250 0.107317 0.151144
7 0.658087 0.138591 0.088079 0.091886
7 0.619603 0.193422 0.092508 0.096801
7 0.582968 0.269470 0.099175 0.094831
7 0.485270 0.263061 0.090286 0.089894
7 0.524135 0.189958 0.086587 0.091864
7 0.573341 0.130689 0.081413 0.078030
7 0.482317 0.145011 0.082889 0.071123
7 0.434944 0.215148 0.081413 0.100763
7 0.390167 0.266017 0.079190 0.078051
7 0.280643 0.260095 0.070302 0.062225
7 0.127627 0.433686 0.107317 0.093856
