8 0.722920 0.722936 0.057031 0.080039
8 0.648750 0.692923 0.062168 0.068034
8 0.712202 0.650618 0.069033 0.078320
8 0.769868 0.612897 0.064307 0.078320
8 0.845757 0.637474 0.063447 0.079453
8 0.907065 0.669486 0.061748 0.078320
8 0.780156 0.765814 0.063457 0.086888
8 0.770298 0.690352 0.066885 0.075469
8 0.830967 0.715221 0.051875 0.098906
8 0.854116 0.812402 0.072451 0.112617
8 0.900850 0.746947 0.070742 0.082331
0 0.767593 0.554193 0.030518 0.037708
8 0.683262 0.748665 0.042871 0.065169
8 0.735781 0.797253 0.059590 0.070885
8 0.679399 0.557155 0.074600 0.062878
8 0.647891 0.622324 0.063887 0.080039
