8 0.155715 0.545783 0.103930 0.213381
8 0.536645 0.535819 0.085530 0.156477
8 0.546235 0.683052 0.095130 0.180658
8 0.629375 0.601966 0.103130 0.186352
8 0.634970 0.454030 0.083940 0.177811
8 0.748495 0.458301 0.074350 0.177811
8 0.784870 0.554315 0.078340 0.159306
8 0.905185 0.586317 0.098330 0.214804
8 0.814445 0.684475 0.107130 0.177811
8 0.849625 0.802536 0.094330 0.163577
8 0.954390 0.682295 0.091220 0.139324
8 0.949995 0.817482 0.100010 0.145107
8 0.658955 0.756308 0.091930 0.173541
8 0.592205 0.801833 0.083150 0.147936
8 0.722110 0.626859 0.079140 0.159306
8 0.208075 0.686601 0.095130 0.147936
8 0.177300 0.801112 0.095940 0.166423
8 0.112945 0.729279 0.088730 0.170694
8 0.081365 0.564982 0.095930 0.186335
8 0.025495 0.606237 0.050990 0.163577
8 0.041085 0.781913 0.082170 0.165000
