8 0.207285 0.805505 0.170125 0.120052
8 0.043271 0.759198 0.086542 0.112500
8 0.124958 0.727646 0.150000 0.086438
8 0.062764 0.388766 0.104278 0.057615
8 0.162000 0.352063 0.112500 0.065167
8 0.344479 0.403172 0.098792 0.050760
8 0.446917 0.551000 0.124389 0.115938
8 0.352708 0.512927 0.122556 0.083688
8 0.290056 0.458396 0.105194 0.102208
8 0.201792 0.455302 0.087806 0.076833
8 0.109868 0.459078 0.116153 0.096719
8 0.030465 0.475198 0.060931 0.065854
8 0.036868 0.540714 0.073736 0.070656
8 0.394326 0.798646 0.222264 0.124167
8 0.887236 0.762630 0.152750 0.150927
8 0.750493 0.795557 0.153653 0.111135
8 0.799882 0.918703 0.182931 0.162594
8 0.624271 0.926932 0.214042 0.146135
8 0.389660 0.944771 0.163736 0.110458
8 0.216785 0.933104 0.196653 0.129667
8 0.928299 0.614797 0.143403 0.107698
8 0.798965 0.606568 0.120736 0.117302
8 0.425424 0.319620 0.105181 0.110448
8 0.569021 0.290823 0.105181 0.091271
8 0.702021 0.702266 0.122569 0.124844
8 0.660854 0.600052 0.144514 0.104271
8 0.509569 0.347745 0.090556 0.070656
8 0.594639 0.367979 0.088722 0.082312
8 0.671924 0.268510 0.129875 0.074083
8 0.842965 0.303151 0.091458 0.081635
8 0.851653 0.359057 0.118000 0.061740
8 0.842965 0.428005 0.150014 0.063802
8 0.838389 0.491802 0.160972 0.074771
8 0.655917 0.446526 0.152750 0.070656
8 0.559417 0.478083 0.113417 0.106333
8 0.671924 0.513755 0.120736 0.070656
8 0.696625 0.371063 0.089639 0.076146
8 0.758354 0.303156 0.083236 0.065167
8 0.552931 0.690948 0.137194 0.113187
8 0.772514 0.368156 0.068806 0.058563
5 0.023861 0.417948 0.047722 0.060021
5 0.262729 0.365542 0.090819 0.042875
8 0.532806 0.591474 0.137194 0.110448
