8 0.204408 0.890643 0.157450 0.208270
8 0.061750 0.856278 0.123500 0.227000
8 0.091242 0.646976 0.143233 0.266587
8 0.046992 0.394976 0.056800 0.149952
8 0.191479 0.135476 0.082892 0.167524
8 0.238617 0.319286 0.089850 0.168730
8 0.263613 0.195738 0.068975 0.124143
8 0.321508 0.312048 0.097450 0.144635
8 0.357888 0.425944 0.118325 0.160302
8 0.604725 0.730413 0.145783 0.229968
8 0.128417 0.251262 0.106067 0.212429
8 0.146458 0.419960 0.137767 0.195762
8 0.199487 0.527222 0.123558 0.235333
8 0.289692 0.742778 0.124650 0.245746
8 0.391925 0.675087 0.132300 0.256175
8 0.391925 0.879714 0.127933 0.240571
8 0.519304 0.843270 0.153075 0.313460
