8 0.542094 0.863617 0.095494 0.083957
8 0.522683 0.931521 0.101035 0.094660
8 0.251919 0.849213 0.061003 0.102894
3 0.639005 0.733351 0.091385 0.092617
3 0.632842 0.678479 0.080080 0.081638
3 0.542476 0.683277 0.078041 0.091234
3 0.527341 0.722383 0.097038 0.091234
3 0.632834 0.804011 0.089331 0.157085
3 0.542739 0.790979 0.096019 0.121404
3 0.402834 0.681223 0.102675 0.121426
8 0.295971 0.772649 0.082548 0.088064
8 0.380677 0.813404 0.094252 0.085617
8 0.379451 0.894894 0.068392 0.108681
8 0.312914 0.866489 0.062229 0.097957
3 0.307245 0.721447 0.088312 0.091234
3 0.401553 0.759426 0.093965 0.111830
8 0.272253 0.943872 0.059761 0.081489
8 0.343400 0.964734 0.073933 0.070532
8 0.404705 0.971734 0.059761 0.056532
8 0.447213 0.894894 0.060987 0.120170
8 0.614482 0.952383 0.061608 0.095234
8 0.620955 0.903947 0.078248 0.070787
