8 0.360341 0.815492 0.100631 0.118533
8 0.557916 0.854608 0.083069 0.093683
8 0.509266 0.597558 0.091819 0.078600
1 0.532313 0.522671 0.066812 0.066692
1 0.590191 0.508854 0.059669 0.076225
1 0.563928 0.427158 0.062169 0.078600
1 0.495319 0.457400 0.065763 0.082867
1 0.403687 0.382375 0.054663 0.082417
1 0.456206 0.399525 0.066100 0.084317
1 0.402972 0.541346 0.055019 0.072892
8 0.494153 0.759333 0.100756 0.156083
8 0.554534 0.698583 0.074831 0.139283
8 0.598247 0.653633 0.089644 0.150150
8 0.456653 0.888342 0.093231 0.102900
8 0.341509 0.727821 0.117306 0.127592
1 0.464963 0.535058 0.061450 0.072417
1 0.431197 0.476225 0.063956 0.079550
1 0.385288 0.459075 0.060737 0.072883
1 0.518556 0.370704 0.064312 0.082892
1 0.556606 0.336883 0.053237 0.074317
1 0.501228 0.281863 0.068956 0.079558
1 0.451922 0.324021 0.068244 0.079075
1 0.438166 0.273525 0.055731 0.074317
1 0.479791 0.206117 0.069669 0.084317
1 0.537491 0.240413 0.058594 0.084325
1 0.504978 0.151092 0.062169 0.075267
1 0.595106 0.402358 0.049425 0.069867
