8 0.199729 0.698696 0.120307 0.090596
8 0.924070 0.839678 0.151859 0.126367
8 0.799524 0.808364 0.154246 0.110713
8 0.651984 0.766431 0.134129 0.127490
8 0.943353 0.947515 0.113294 0.104971
8 0.798682 0.927461 0.152562 0.120781
8 0.660359 0.888882 0.140835 0.117412
8 0.526230 0.865400 0.140835 0.108477
8 0.394627 0.827939 0.145857 0.096172
8 0.284810 0.814517 0.103939 0.098408
8 0.195366 0.783472 0.101889 0.090596
8 0.090095 0.758560 0.100893 0.069248
8 0.045051 0.743022 0.090102 0.093838
8 0.131816 0.677988 0.108668 0.078945
8 0.947884 0.745908 0.104231 0.097070
8 0.828163 0.726050 0.147482 0.069287
8 0.448792 0.644917 0.135066 0.079209
8 0.576984 0.673262 0.150190 0.064453
10 0.895886 0.584580 0.165329 0.109492
8 0.287057 0.710991 0.145534 0.095771
8 0.417555 0.732671 0.154261 0.108076
8 0.532533 0.763735 0.137775 0.108076
