8 0.253387 0.283951 0.138025 0.272472
8 0.363662 0.468483 0.170275 0.355543
8 0.107625 0.185412 0.145750 0.291798
8 0.241125 0.626929 0.183150 0.351685
8 0.401075 0.777659 0.172850 0.243483
8 0.383013 0.132790 0.152225 0.265581
8 0.911425 0.513895 0.177150 0.342022
8 0.531988 0.154476 0.161225 0.260861
8 0.706638 0.138015 0.193475 0.276030
8 0.886050 0.184419 0.165100 0.293708
8 0.551338 0.528390 0.187025 0.398052
8 0.680963 0.708109 0.180575 0.347828
8 0.156000 0.537041 0.101400 0.264644
8 0.806137 0.610281 0.132175 0.288127
8 0.647850 0.354026 0.145550 0.252547
8 0.058650 0.402790 0.117300 0.293745
