7 0.290417 0.399617 0.087233 0.146500
3 0.071011 0.277058 0.127489 0.154317
8 0.217872 0.780592 0.137411 0.272150
8 0.377833 0.837758 0.195378 0.222217
8 0.590394 0.810383 0.193233 0.238333
8 0.619378 0.561600 0.158889 0.249600
8 0.738006 0.735508 0.136344 0.210950
8 0.866289 0.708933 0.135267 0.209333
8 0.861456 0.526967 0.159956 0.209333
7 0.445856 0.458883 0.074556 0.108467
7 0.371672 0.432600 0.076789 0.123000
7 0.218850 0.401292 0.073811 0.140917
7 0.518917 0.286667 0.087967 0.133067
7 0.515933 0.414708 0.070089 0.127483
