8 0.044646 0.534971 0.089293 0.143510
8 0.473743 0.914351 0.158723 0.171298
8 0.609951 0.849631 0.113694 0.183569
8 0.694145 0.794086 0.093320 0.188407
8 0.574568 0.675737 0.117976 0.161032
8 0.470530 0.755442 0.145855 0.162625
8 0.457662 0.589572 0.115835 0.165870
8 0.074872 0.870575 0.149745 0.219027
8 0.169705 0.930457 0.149077 0.139086
8 0.321454 0.951386 0.163026 0.097227
8 0.316090 0.802935 0.160864 0.222212
8 0.165943 0.591991 0.107250 0.170708
8 0.078536 0.691829 0.146935 0.190029
8 0.127151 0.458097 0.107976 0.148171
1 0.318497 0.502640 0.072633 0.102507
1 0.241228 0.477478 0.076955 0.089469
1 0.272888 0.417832 0.069509 0.095074
1 0.406631 0.472817 0.070118 0.098791
1 0.347358 0.392670 0.063320 0.098791
1 0.495550 0.489572 0.071886 0.097847
