8 0.673317 0.953982 0.168233 0.092035
8 0.598542 0.886482 0.113050 0.131508
8 0.469467 0.858982 0.143300 0.106005
8 0.347517 0.681168 0.150433 0.136859
8 0.228683 0.818040 0.129967 0.136884
8 0.328383 0.916683 0.165567 0.127487
8 0.206875 0.386608 0.113050 0.114070
8 0.368792 0.339912 0.079217 0.088568
8 0.652500 0.535791 0.094200 0.089472
8 0.625792 0.611834 0.064550 0.125226
8 0.552725 0.516219 0.090483 0.117412
8 0.232933 0.496307 0.064700 0.089899
8 0.036183 0.492525 0.072367 0.135251
8 0.037792 0.791884 0.075583 0.127487
8 0.045358 0.661721 0.090717 0.111382
8 0.128983 0.475188 0.113933 0.111382
8 0.100508 0.355088 0.085450 0.128819
8 0.179725 0.582538 0.101483 0.103317
