8 0.875661 0.228747 0.078628 0.133571
8 0.056312 0.551075 0.093095 0.096508
8 0.039929 0.435780 0.075484 0.120212
8 0.110869 0.468862 0.088762 0.104372
8 0.198934 0.489830 0.097148 0.136987
8 0.152805 0.561121 0.087366 0.085734
8 0.123801 0.354241 0.088063 0.156558
8 0.227939 0.306248 0.078279 0.120215
8 0.207670 0.393380 0.090861 0.083869
8 0.270224 0.474454 0.081773 0.124874
8 0.324040 0.395245 0.088765 0.106237
8 0.377158 0.467465 0.076181 0.105301
8 0.327884 0.532698 0.072688 0.122077
8 0.411405 0.577429 0.088762 0.127669
8 0.302374 0.300656 0.073388 0.107166
8 0.263934 0.211195 0.080377 0.144441
8 0.164687 0.111483 0.071989 0.092259
8 0.190197 0.225175 0.076882 0.084802
8 0.231434 0.122199 0.072688 0.124874
8 0.316353 0.110086 0.074784 0.113690
8 0.337320 0.189762 0.076183 0.095985
8 0.379255 0.272700 0.081773 0.112761
8 0.403018 0.375673 0.071989 0.109964
8 0.457883 0.330944 0.068495 0.089461
8 0.472909 0.420871 0.078978 0.109031
8 0.449147 0.499150 0.069191 0.082937
8 0.508904 0.535028 0.068492 0.091326
8 0.579844 0.530833 0.087366 0.095985
8 0.654978 0.520584 0.060109 0.082940
8 0.722073 0.541085 0.085268 0.095985
8 0.765582 0.466768 0.098430 0.114157
8 0.678217 0.401146 0.090278 0.107166
8 0.625799 0.454730 0.082123 0.100956
8 0.543383 0.450458 0.072222 0.104838
8 0.585319 0.371248 0.080375 0.123476
8 0.528532 0.297085 0.072803 0.116485
8 0.603666 0.262915 0.075134 0.100956
8 0.724520 0.307181 0.079209 0.097847
8 0.784802 0.366976 0.079792 0.097847
8 0.853528 0.343679 0.065816 0.102510
8 0.839550 0.442692 0.085618 0.101733
8 0.926040 0.430266 0.095518 0.152986
8 0.958948 0.540154 0.072803 0.110274
8 0.823242 0.554907 0.100759 0.094742
8 0.801110 0.257090 0.064650 0.126581
8 0.745779 0.210885 0.075134 0.107166
8 0.672392 0.191083 0.079794 0.132794
8 0.609781 0.120026 0.073385 0.096296
8 0.554449 0.176326 0.069891 0.107943
8 0.490092 0.211662 0.080957 0.100956
8 0.402377 0.183626 0.064650 0.093965
8 0.437323 0.250025 0.065816 0.093191
8 0.405290 0.085002 0.059990 0.101729
8 0.470231 0.114899 0.064067 0.080764
8 0.356365 0.043084 0.065816 0.086167
8 0.277154 0.033765 0.069308 0.067530
8 0.159503 0.034137 0.048341 0.059021
8 0.123684 0.160718 0.060573 0.055913
8 0.068296 0.266420 0.059320 0.068760
8 0.818351 0.108983 0.067951 0.089521
8 0.738671 0.114916 0.078467 0.083052
8 0.803385 0.034539 0.070377 0.069077
8 0.622387 0.044537 0.068356 0.072804
8 0.548775 0.039392 0.068353 0.078783
8 0.481290 0.038151 0.062812 0.076303
8 0.539633 0.104023 0.065928 0.085208
8 0.681445 0.081721 0.051401 0.068535
8 0.646406 0.307320 0.070804 0.089203
8 0.139826 0.627531 0.090278 0.062126
8 0.047851 0.617176 0.076203 0.069894
8 0.213358 0.620734 0.067465 0.077011
8 0.293686 0.631738 0.063095 0.079600
8 0.375712 0.634325 0.092217 0.083479
