8 0.175267 0.622323 0.199682 0.371969
8 0.367431 0.681100 0.184646 0.276969
8 0.553149 0.698808 0.156738 0.354262
8 0.693785 0.588508 0.163179 0.268923
8 0.901518 0.625546 0.185723 0.272138
8 0.889836 0.857431 0.220328 0.278585
8 0.703446 0.863862 0.199672 0.249600
8 0.521482 0.913015 0.209344 0.173969
8 0.315364 0.916231 0.213641 0.167538
8 0.098369 0.869531 0.196738 0.260938
8 0.286918 0.403323 0.161036 0.288246
8 0.425400 0.313223 0.152441 0.291615
8 0.590190 0.310000 0.162103 0.346369
8 0.722774 0.371915 0.146000 0.209338
8 0.905272 0.348569 0.188944 0.268923
8 0.707205 0.145754 0.129897 0.230123
8 0.351867 0.148085 0.121313 0.215769
8 0.236462 0.112769 0.137415 0.225538
8 0.154333 0.270469 0.155662 0.222231
