8 0.076719 0.544219 0.153438 0.173906
8 0.755690 0.772891 0.358568 0.180352
8 0.453867 0.493604 0.202786 0.120762
8 0.715977 0.917842 0.322057 0.164316
8 0.425039 0.913008 0.288984 0.173984
8 0.144557 0.847764 0.289115 0.278574
8 0.376784 0.378984 0.219193 0.128594
8 0.751159 0.519229 0.141484 0.122949
8 0.696797 0.631191 0.195000 0.122969
8 0.156745 0.151396 0.111823 0.113691
8 0.414583 0.266016 0.120521 0.093203
8 0.496966 0.646475 0.296276 0.191621
8 0.289779 0.742285 0.349974 0.170703
8 0.894701 0.602998 0.210599 0.149746
