8 0.713950 0.221709 0.119639 0.161214
8 0.355576 0.362907 0.139395 0.307252
8 0.567153 0.770895 0.274658 0.259265
8 0.363374 0.791014 0.197861 0.170687
8 0.536143 0.576046 0.194922 0.227045
8 0.851357 0.702612 0.156523 0.257652
8 0.868384 0.518882 0.142744 0.180351
8 0.605542 0.350599 0.207705 0.181965
8 0.670518 0.579265 0.136836 0.252812
8 0.927549 0.291829 0.144902 0.122380
8 0.901855 0.170248 0.103359 0.143307
8 0.969878 0.121941 0.060244 0.133658
8 0.632485 0.235695 0.146982 0.120208
8 0.623369 0.106629 0.101406 0.111821
8 0.714233 0.126669 0.092861 0.109026
8 0.788721 0.210088 0.066855 0.129441
8 0.961328 0.609513 0.077344 0.159633
