8 0.186817 0.616788 0.114867 0.233475
8 0.351608 0.741575 0.126683 0.312400
8 0.461650 0.801975 0.151367 0.165850
8 0.723592 0.715012 0.121317 0.278575
8 0.834167 0.669925 0.125600 0.214150
8 0.548908 0.629725 0.110917 0.264350
8 0.446033 0.647837 0.093033 0.212025
8 0.600350 0.795450 0.115400 0.241550
8 0.136042 0.265387 0.122550 0.144925
8 0.399517 0.276125 0.116300 0.115400
8 0.629875 0.245262 0.101083 0.150275
8 0.240267 0.207013 0.112733 0.135525
8 0.258158 0.316388 0.084083 0.128825
8 0.498133 0.283125 0.089467 0.098800
8 0.842558 0.273012 0.140817 0.142875
8 0.957867 0.226550 0.084267 0.162300
