8 0.841996 0.704263 0.050158 0.041525
8 0.069879 0.919875 0.083875 0.105117
8 0.135300 0.847746 0.093933 0.070458
8 0.216933 0.882412 0.055917 0.088342
8 0.224758 0.949871 0.067100 0.100258
8 0.293533 0.939446 0.059267 0.097292
8 0.378521 0.943358 0.124125 0.084983
8 0.273404 0.811404 0.068208 0.076042
8 0.407037 0.864521 0.096175 0.068208
8 0.429962 0.804692 0.074925 0.060383
8 0.589871 0.941121 0.074925 0.100642
8 0.529483 0.972796 0.081633 0.054408
8 0.518863 0.915400 0.055908 0.058150
8 0.577804 0.824200 0.071725 0.060400
8 0.673254 0.865725 0.097608 0.076583
8 0.667862 0.942033 0.080358 0.093300
8 0.860387 0.909408 0.088975 0.091683
8 0.955567 0.946379 0.088533 0.107242
8 0.872846 0.830783 0.070642 0.062017
8 0.905633 0.752262 0.091133 0.049075
8 0.909138 0.709925 0.058242 0.046383
8 0.767575 0.725567 0.054467 0.042067
8 0.704746 0.734463 0.055008 0.035058
8 0.835796 0.767363 0.066875 0.052308
8 0.785375 0.781921 0.062017 0.052308
8 0.612312 0.579633 0.052308 0.063633
8 0.531963 0.588533 0.059858 0.065250
8 0.404687 0.588263 0.064175 0.081975
8 0.468596 0.590150 0.069025 0.068483
8 0.342533 0.610537 0.078433 0.069892
8 0.259442 0.606263 0.079983 0.081542
8 0.196154 0.620629 0.068342 0.079208
8 0.120050 0.556562 0.074550 0.066008
8 0.061029 0.610533 0.072992 0.110267
8 0.021583 0.874183 0.043167 0.093967
8 0.962042 0.748417 0.057733 0.043167
8 0.945325 0.544312 0.060400 0.049075
8 0.670829 0.517346 0.051775 0.045842
8 0.718283 0.511683 0.056083 0.042067
8 0.735150 0.912529 0.062467 0.072808
8 0.769525 0.876125 0.078200 0.046733
8 0.752450 0.974463 0.080000 0.051075
8 0.859183 0.976037 0.097517 0.047925
8 0.803229 0.937021 0.068308 0.079542
8 0.457637 0.929158 0.057525 0.062917
8 0.488767 0.787608 0.070650 0.042117
8 0.586913 0.767925 0.083592 0.058833
8 0.668887 0.799983 0.067408 0.052850
8 0.750317 0.809696 0.093300 0.088442
8 0.859038 0.554287 0.058242 0.045308
8 0.898679 0.555367 0.052308 0.043150
8 0.695638 0.566692 0.058242 0.048533
