8 0.422425 0.515882 0.092250 0.069250
8 0.525475 0.540797 0.084500 0.072477
8 0.253287 0.267786 0.080475 0.064165
8 0.182138 0.297186 0.071875 0.058236
8 0.951250 0.847739 0.097500 0.140732
8 0.145125 0.270760 0.076900 0.049625
8 0.104537 0.324953 0.093425 0.044765
8 0.409938 0.250263 0.076175 0.074409
8 0.408863 0.314174 0.079775 0.063096
8 0.498675 0.234353 0.069700 0.046904
8 0.648513 0.233274 0.103475 0.064184
8 0.741563 0.224109 0.084075 0.070657
8 0.778212 0.292861 0.088375 0.074428
8 0.694862 0.299071 0.074025 0.063096
8 0.824888 0.860779 0.110525 0.120206
8 0.744175 0.798809 0.108050 0.121144
8 0.739213 0.714015 0.103075 0.095047
8 0.832337 0.710291 0.085675 0.070826
8 0.941600 0.703293 0.113000 0.082946
8 0.562887 0.862186 0.145275 0.143508
8 0.404562 0.867308 0.116725 0.136979
8 0.389650 0.721932 0.096850 0.116473
8 0.469125 0.756886 0.089400 0.111820
8 0.569712 0.773189 0.104325 0.103452
8 0.557025 0.471098 0.140550 0.082195
8 0.686287 0.464756 0.102625 0.084784
8 0.712175 0.539831 0.062950 0.074409
8 0.622913 0.551801 0.113825 0.053058
8 0.440962 0.461520 0.084525 0.057598
1 0.051200 0.390319 0.055100 0.032345
1 0.111337 0.388246 0.064075 0.033715
1 0.171812 0.380159 0.059275 0.029212
1 0.232000 0.377683 0.057500 0.030563
1 0.229900 0.405319 0.054500 0.029212
1 0.170913 0.406895 0.065875 0.029662
1 0.106538 0.416332 0.061675 0.026060
1 0.045762 0.415657 0.063475 0.030113
1 0.040663 0.440600 0.059275 0.035047
1 0.102637 0.444878 0.063475 0.033696
1 0.164937 0.433865 0.059875 0.037749
1 0.226613 0.432289 0.059875 0.035497
1 0.221513 0.461060 0.064075 0.030113
1 0.221225 0.488246 0.057500 0.026060
1 0.215838 0.516998 0.061075 0.035947
1 0.215525 0.547786 0.058100 0.026529
1 0.151750 0.548462 0.068250 0.026079
1 0.154738 0.522627 0.062275 0.036398
1 0.159837 0.490497 0.061675 0.035028
1 0.161037 0.460159 0.068875 0.032814
1 0.096662 0.472964 0.065875 0.031445
1 0.092162 0.498133 0.067675 0.029662
1 0.084687 0.529812 0.069475 0.035497
1 0.078688 0.555657 0.068275 0.025159
1 0.033662 0.469146 0.067325 0.034615
1 0.030063 0.497458 0.060125 0.031914
1 0.027975 0.529362 0.055950 0.040000
1 0.023475 0.558349 0.046950 0.026979
1 0.052737 0.682964 0.076575 0.048931
1 0.123613 0.679859 0.069325 0.044259
1 0.194488 0.676745 0.076575 0.055141
1 0.266412 0.668987 0.069325 0.050469
1 0.262275 0.721398 0.073450 0.049700
1 0.188287 0.720235 0.080725 0.044259
1 0.116888 0.727233 0.076575 0.047373
1 0.043413 0.726839 0.072425 0.041932
1 0.035162 0.779259 0.070325 0.056679
1 0.103950 0.780038 0.073450 0.055122
1 0.180525 0.773818 0.071400 0.055141
1 0.253475 0.768386 0.068300 0.058236
1 0.246750 0.820422 0.073450 0.048912
1 0.241062 0.873612 0.074525 0.049700
1 0.168625 0.828574 0.078650 0.055910
1 0.159825 0.877111 0.081750 0.052045
1 0.089463 0.831295 0.077625 0.048931
1 0.078588 0.879822 0.086925 0.054353
1 0.025850 0.830516 0.051700 0.052026
