8 0.844692 0.880189 0.175117 0.239622
8 0.622467 0.890822 0.129233 0.196444
8 0.484783 0.855389 0.112333 0.212556
8 0.502292 0.642833 0.106283 0.196467
8 0.604950 0.693556 0.115933 0.194844
8 0.723308 0.671822 0.137683 0.180356
8 0.885750 0.691944 0.146133 0.162644
8 0.652058 0.315144 0.111117 0.185178
8 0.690100 0.154111 0.114733 0.178756
8 0.806042 0.160556 0.129217 0.165867
8 0.900850 0.322378 0.113533 0.180356
8 0.775842 0.315133 0.117150 0.194844
8 0.902058 0.518033 0.128017 0.191622
8 0.578383 0.154911 0.108700 0.122400
8 0.767392 0.481000 0.158217 0.207733
8 0.640583 0.485022 0.119567 0.173911
8 0.517992 0.464100 0.118350 0.177133
8 0.537925 0.296622 0.107483 0.193244
