8 0.816569 0.742067 0.129800 0.223834
6 0.324288 0.062615 0.072008 0.125231
6 0.443788 0.051438 0.112362 0.102875
6 0.248242 0.053764 0.092500 0.107529
6 0.035504 0.184411 0.071008 0.189169
6 0.023400 0.073984 0.046800 0.061501
8 0.640108 0.915716 0.118000 0.168568
8 0.766692 0.933430 0.118000 0.133141
8 0.540346 0.922962 0.105123 0.154076
8 0.448096 0.914365 0.077238 0.162633
8 0.502269 0.769440 0.082600 0.162644
8 0.552146 0.614850 0.085815 0.175520
8 0.622946 0.541582 0.090108 0.170693
8 0.689992 0.626120 0.110492 0.159423
8 0.610608 0.756553 0.101908 0.178741
8 0.802088 0.493274 0.102977 0.196455
8 0.711308 0.822997 0.076523 0.135901
1 0.287042 0.218891 0.057115 0.069885
1 0.341985 0.214700 0.051523 0.074550
1 0.389781 0.210035 0.057731 0.082009
1 0.416785 0.149463 0.053385 0.072691
1 0.361846 0.143406 0.049046 0.060577
1 0.314358 0.159717 0.043454 0.057771
1 0.263454 0.291114 0.045938 0.072691
1 0.312185 0.282258 0.051523 0.082945
1 0.367742 0.275733 0.060838 0.088533
1 0.390092 0.345624 0.057108 0.090393
1 0.334223 0.348891 0.055877 0.080139
1 0.282077 0.353551 0.057108 0.083868
1 0.236450 0.352154 0.044069 0.068025
6 0.175923 0.179284 0.070769 0.149099
6 0.253831 0.181611 0.072631 0.168672
6 0.185235 0.336311 0.074500 0.164954
6 0.107638 0.341438 0.069523 0.173337
2 0.147988 0.049752 0.074500 0.091328
2 0.104223 0.121507 0.066431 0.070820
2 0.091188 0.192794 0.062700 0.090393
2 0.041212 0.341432 0.073254 0.100647
2 0.056735 0.423441 0.064562 0.091316
2 0.019677 0.433689 0.039354 0.104376
