8 0.525493 0.679972 0.062208 0.085722
8 0.402486 0.914343 0.085972 0.101574
8 0.394799 0.798787 0.076181 0.118352
8 0.400736 0.707463 0.076889 0.079222
8 0.452458 0.728426 0.048917 0.096926
8 0.528986 0.871472 0.063611 0.109019
8 0.574069 0.779685 0.081083 0.085741
8 0.596083 0.867287 0.065000 0.106241
8 0.655146 0.855167 0.058708 0.128593
8 0.627535 0.742870 0.059403 0.125815
8 0.575465 0.686028 0.055903 0.088537
8 0.581757 0.622667 0.064292 0.081074
8 0.515361 0.591435 0.057306 0.095056
8 0.475875 0.646889 0.052417 0.103444
8 0.435681 0.571407 0.078278 0.075481
8 0.368590 0.632444 0.067097 0.083852
1 0.080187 0.396037 0.064069 0.066000
1 0.171340 0.396426 0.057653 0.057481
1 0.241528 0.406139 0.052417 0.055130
1 0.217938 0.445352 0.044847 0.074556
1 0.273556 0.458556 0.053583 0.074556
1 0.243854 0.504759 0.057069 0.072222
1 0.170465 0.466704 0.059403 0.067556
1 0.104653 0.456222 0.062889 0.068333
1 0.102319 0.523009 0.052417 0.076093
1 0.155910 0.531157 0.058236 0.062907
1 0.046410 0.451954 0.051264 0.076870
1 0.040583 0.541259 0.067556 0.081556
1 0.125326 0.587074 0.058819 0.064444
1 0.182382 0.587509 0.055819 0.068500
1 0.103194 0.352556 0.055333 0.069111
1 0.158528 0.353713 0.054167 0.060574
1 0.259875 0.261694 0.036694 0.053574
1 0.230750 0.301685 0.049500 0.052815
1 0.162896 0.298194 0.051264 0.055130
1 0.189396 0.265963 0.048347 0.055926
1 0.120090 0.278000 0.042514 0.056704
1 0.073201 0.269454 0.052431 0.062907
8 0.473424 0.899426 0.060097 0.097852
1 0.281354 0.559731 0.060264 0.065796
1 0.308049 0.505537 0.047319 0.063111
1 0.271243 0.670019 0.059458 0.078185
1 0.201875 0.645481 0.062278 0.072259
1 0.145660 0.641167 0.063903 0.060407
1 0.097326 0.683769 0.072403 0.077648
1 0.031368 0.678111 0.062736 0.081444
1 0.053729 0.757694 0.053597 0.092130
1 0.130576 0.749167 0.062347 0.087630
1 0.116083 0.817250 0.069778 0.075500
1 0.217028 0.806907 0.064722 0.083593
1 0.335840 0.788926 0.056958 0.087185
1 0.329944 0.859491 0.067417 0.071019
1 0.278549 0.821519 0.051569 0.080444
1 0.262028 0.743093 0.065056 0.078185
1 0.170042 0.873870 0.069167 0.094370
1 0.243417 0.884926 0.065528 0.100852
1 0.286694 0.934537 0.052583 0.094370
1 0.186382 0.951528 0.068764 0.093833
1 0.091743 0.900833 0.083319 0.090593
1 0.334215 0.932926 0.056792 0.086074
2 0.920125 0.665167 0.039639 0.055556
2 0.952889 0.583463 0.035194 0.048000
2 0.935903 0.616093 0.041667 0.049630
2 0.965222 0.666778 0.041250 0.053926
2 0.901521 0.462657 0.038431 0.052315
2 0.937639 0.500250 0.038833 0.054463
