8 0.174897 0.889760 0.278260 0.220480
8 0.472290 0.899036 0.215647 0.201929
8 0.754030 0.912947 0.139127 0.174107
8 0.892290 0.759809 0.206953 0.294498
8 0.523977 0.679333 0.137113 0.160711
8 0.679247 0.718071 0.184347 0.303769
8 0.673467 0.408689 0.183173 0.232151
8 0.442993 0.482498 0.179147 0.264356
8 0.368513 0.716662 0.163040 0.244222
8 0.189107 0.655040 0.194440 0.272142
8 0.085243 0.411076 0.165460 0.241547
8 0.251303 0.421542 0.147340 0.301129
8 0.362510 0.230729 0.188713 0.298578
8 0.131447 0.216747 0.182840 0.149849
8 0.136900 0.087689 0.155160 0.175378
8 0.592987 0.144289 0.119093 0.190107
8 0.716440 0.211160 0.130000 0.203529
8 0.820860 0.416360 0.132520 0.231476
8 0.942720 0.512533 0.114560 0.202400
8 0.929300 0.326902 0.141400 0.124133
8 0.896343 0.072031 0.114060 0.144062
8 0.590540 0.307911 0.145267 0.160889
8 0.296100 0.077196 0.120853 0.154391
