9 0.414733 0.483317 0.170533 0.339033
9 0.559800 0.573083 0.168311 0.325567
9 0.676633 0.500000 0.151711 0.325600
9 0.816722 0.770667 0.197133 0.249333
9 0.598567 0.796517 0.179400 0.317300
9 0.439089 0.732550 0.141733 0.322233
9 0.302878 0.665283 0.163889 0.267433
9 0.155600 0.578833 0.174978 0.327400
9 0.251389 0.428483 0.167222 0.315767
9 0.223144 0.295600 0.163889 0.265933
9 0.381511 0.299750 0.150622 0.187900
9 0.531011 0.369517 0.130689 0.177900
9 0.715944 0.270767 0.197133 0.239200
9 0.543744 0.169433 0.158378 0.239200
