9 0.656079 0.348832 0.028174 0.050000
9 0.748730 0.357964 0.031426 0.068263
9 0.430679 0.402814 0.034678 0.061617
9 0.729116 0.833533 0.149541 0.193563
9 0.868638 0.943323 0.186729 0.113353
9 0.910620 0.899903 0.133291 0.132889
9 0.796841 0.912365 0.111611 0.134551
9 0.679805 0.942515 0.172305 0.114970
9 0.605034 0.714693 0.105107 0.157799
9 0.655425 0.713862 0.045518 0.093024
9 0.509136 0.790269 0.140869 0.166108
9 0.495049 0.668181 0.140879 0.154476
9 0.394814 0.830966 0.146289 0.194356
9 0.418657 0.927530 0.167959 0.144940
9 0.541104 0.912582 0.113789 0.174835
9 0.608828 0.828481 0.041172 0.069775
9 0.220347 0.870838 0.170127 0.187695
9 0.111445 0.940606 0.067188 0.074746
9 0.108193 0.831804 0.186387 0.162799
9 0.132041 0.663226 0.127852 0.157889
9 0.213306 0.699746 0.110537 0.134551
9 0.305415 0.693922 0.106201 0.189371
9 0.265864 0.610868 0.120283 0.102994
9 0.363389 0.693106 0.053105 0.121272
9 0.035132 0.649079 0.070264 0.112949
9 0.104399 0.618323 0.122451 0.111257
9 0.032969 0.579311 0.065937 0.076407
9 0.091396 0.554394 0.076934 0.063129
