9 0.597946 0.380448 0.236662 0.438538
9 0.853454 0.379646 0.293092 0.376745
9 0.745915 0.622842 0.309462 0.400684
9 0.936669 0.643774 0.126662 0.358821
9 0.666208 0.891557 0.230138 0.216887
9 0.449454 0.881686 0.327677 0.236627
9 0.108808 0.759682 0.217615 0.390354
9 0.254346 0.530366 0.215615 0.400495
9 0.108485 0.385024 0.216969 0.425425
9 0.181746 0.246321 0.237308 0.227736
9 0.307415 0.064717 0.252769 0.129434
9 0.560962 0.067111 0.220015 0.134222
9 0.859108 0.126415 0.281785 0.252830
9 0.672054 0.151356 0.178138 0.302712
