9 0.059067 0.790083 0.118133 0.137524
9 0.035683 0.952948 0.071367 0.094104
9 0.030042 0.873007 0.060083 0.109646
9 0.141083 0.973880 0.142267 0.052241
9 0.264342 0.942983 0.107050 0.114033
9 0.390417 0.968892 0.150733 0.062217
9 0.514375 0.947960 0.128183 0.104080
9 0.658058 0.950955 0.159183 0.098090
9 0.805958 0.963915 0.181717 0.072170
9 0.949817 0.972877 0.100367 0.054245
9 0.879892 0.876993 0.129550 0.193373
9 0.970242 0.770354 0.059517 0.183396
9 0.760183 0.797311 0.126767 0.169528
9 0.674958 0.836132 0.105650 0.179387
9 0.577767 0.878986 0.119733 0.137547
9 0.493250 0.820189 0.097200 0.147500
9 0.390417 0.884976 0.147900 0.145519
9 0.269300 0.839175 0.136600 0.161368
9 0.393233 0.755389 0.131000 0.149505
9 0.495358 0.647783 0.126783 0.161509
9 0.561567 0.753408 0.118333 0.157476
9 0.604533 0.650755 0.102833 0.131557
9 0.670033 0.596922 0.076067 0.079741
9 0.820758 0.691604 0.118317 0.169434
9 0.872167 0.638797 0.091567 0.099670
9 0.751733 0.611887 0.076067 0.061792
9 0.355200 0.652736 0.111267 0.167453
9 0.432000 0.618844 0.076000 0.123585
9 0.176308 0.741439 0.128183 0.121604
9 0.158692 0.695601 0.121150 0.105637
9 0.250258 0.684634 0.067617 0.067759
9 0.068542 0.708561 0.087350 0.075755
