9 0.561700 0.416939 0.224121 0.409035
9 0.789676 0.415020 0.252147 0.275079
9 0.688120 0.633888 0.255634 0.243996
9 0.873826 0.778612 0.252349 0.322933
9 0.793177 0.937746 0.252147 0.124508
9 0.575886 0.896604 0.220274 0.206791
9 0.367932 0.901624 0.215951 0.196752
9 0.178249 0.875709 0.198429 0.248583
9 0.052644 0.723612 0.105288 0.251358
9 0.067241 0.473445 0.134481 0.372953
9 0.219099 0.604016 0.250965 0.315157
9 0.436513 0.703642 0.329769 0.291142
9 0.332918 0.368789 0.192608 0.251358
9 0.194294 0.354843 0.201354 0.231417
9 0.158537 0.229262 0.211599 0.199547
9 0.121225 0.076811 0.242450 0.153622
9 0.348235 0.185413 0.214481 0.255354
9 0.578048 0.097736 0.224712 0.195472
9 0.801282 0.179429 0.233458 0.211496
9 0.940043 0.115679 0.119914 0.231358
9 0.882269 0.372776 0.211571 0.243386
9 0.928372 0.550197 0.143256 0.183583
9 0.515310 0.232254 0.160504 0.149705
