9 0.956560 0.293283 0.086880 0.308967
9 0.846241 0.186650 0.279887 0.326900
9 0.659079 0.429833 0.233797 0.414600
9 0.805771 0.439800 0.153985 0.191333
9 0.475808 0.303250 0.218158 0.492367
9 0.651212 0.148133 0.175357 0.296267
9 0.221250 0.147150 0.266410 0.294300
9 0.064821 0.294283 0.129643 0.426567
9 0.295442 0.380000 0.232688 0.406667
9 0.817011 0.714883 0.250677 0.450500
9 0.938017 0.582333 0.123966 0.324933
9 0.194286 0.594283 0.327105 0.444500
9 0.076062 0.884350 0.152124 0.231300
9 0.250479 0.876333 0.288891 0.239200
9 0.473618 0.877367 0.197838 0.245267
9 0.552857 0.752750 0.304624 0.454500
9 0.917218 0.870400 0.165564 0.259200
