9 0.545776 0.860460 0.125548 0.202819
9 0.687378 0.867923 0.170877 0.227715
9 0.560413 0.738353 0.141602 0.181217
9 0.692099 0.647003 0.227504 0.284214
9 0.402285 0.862938 0.157656 0.174599
9 0.267766 0.790682 0.126492 0.239347
9 0.320152 0.630386 0.082125 0.128071
9 0.436737 0.675237 0.124604 0.227745
9 0.531138 0.592181 0.109494 0.204481
9 0.665666 0.451810 0.182192 0.199525
9 0.674629 0.274065 0.079309 0.172938
9 0.516037 0.405297 0.139730 0.179555
9 0.493381 0.318086 0.115160 0.094866
9 0.445700 0.269080 0.097234 0.162967
9 0.381046 0.411944 0.081180 0.186202
9 0.447589 0.481706 0.095346 0.176231
9 0.386239 0.574792 0.080236 0.153086
9 0.331003 0.437685 0.041535 0.121424
9 0.371130 0.329718 0.065126 0.074926
9 0.603550 0.273828 0.115160 0.294006
