9 0.859350 0.493333 0.281300 0.343067
9 0.773275 0.832333 0.393200 0.335333
9 0.387550 0.763550 0.315450 0.472900
9 0.600738 0.624583 0.533725 0.482367
9 0.628263 0.225150 0.318425 0.305033
9 0.538550 0.361767 0.270600 0.135733
9 0.885513 0.224217 0.228975 0.267300
9 0.898975 0.051333 0.202050 0.102667
9 0.641713 0.054333 0.318425 0.108667
9 0.082025 0.257117 0.164050 0.285233
9 0.118650 0.743617 0.237300 0.512767
9 0.253012 0.384683 0.348325 0.345033
9 0.215637 0.129100 0.219775 0.258200
9 0.405500 0.165983 0.225750 0.331967
