9 0.590500 0.674338 0.377559 0.318931
9 0.843088 0.728159 0.313735 0.271092
9 0.815191 0.468026 0.369618 0.245182
9 0.369824 0.538787 0.308412 0.271092
9 0.106478 0.455066 0.212956 0.247178
9 0.244853 0.383308 0.212706 0.159471
9 0.506743 0.371351 0.289809 0.251169
9 0.388434 0.252745 0.249926 0.165447
9 0.726096 0.329487 0.191426 0.123583
9 0.904235 0.339454 0.186118 0.175424
9 0.904257 0.196935 0.191485 0.109636
9 0.895176 0.074542 0.209647 0.149085
9 0.686301 0.101207 0.214926 0.202415
9 0.591029 0.062166 0.077559 0.124333
9 0.149279 0.917900 0.298559 0.164201
9 0.176934 0.698258 0.353868 0.255149
