9 0.530651 0.391901 0.260753 0.236815
9 0.769538 0.393048 0.267774 0.237192
9 0.269675 0.398973 0.287021 0.229863
9 0.946918 0.400205 0.106164 0.194110
9 0.931455 0.598699 0.137089 0.203562
9 0.764829 0.623818 0.243973 0.229897
9 0.834195 0.835514 0.267911 0.241849
9 0.560308 0.849863 0.284658 0.251370
9 0.285223 0.836695 0.289418 0.253801
9 0.244555 0.616627 0.275068 0.220308
9 0.082209 0.418099 0.164418 0.229897
9 0.082209 0.207603 0.164418 0.210753
9 0.282825 0.192055 0.260719 0.203562
9 0.518459 0.180103 0.277466 0.203562
9 0.762432 0.181267 0.258356 0.191575
9 0.936233 0.182483 0.127534 0.189212
9 0.063082 0.639366 0.126164 0.198801
9 0.067860 0.843921 0.135719 0.220377
