9 0.615950 0.866775 0.134000 0.202650
9 0.696783 0.707313 0.085267 0.159475
9 0.612625 0.728900 0.105217 0.142850
9 0.338542 0.797013 0.097450 0.152825
9 0.223367 0.830225 0.126233 0.192700
9 0.231117 0.952488 0.110733 0.095025
9 0.346292 0.920925 0.132883 0.158150
9 0.439867 0.973250 0.116267 0.053500
9 0.515725 0.921600 0.124017 0.142850
9 0.739975 0.931725 0.091917 0.136550
9 0.693467 0.855975 0.087500 0.134550
9 0.739425 0.801163 0.075317 0.131225
9 0.498558 0.684875 0.098550 0.081400
9 0.560575 0.635888 0.105217 0.116275
9 0.471425 0.603487 0.093017 0.141175
9 0.501300 0.769600 0.139600 0.177750
9 0.402775 0.674087 0.101883 0.182725
9 0.323583 0.671600 0.089700 0.157800
9 0.236108 0.710625 0.096350 0.096350
9 0.432667 0.853500 0.104100 0.149500
