9 0.480090 0.470439 0.054402 0.031330
9 0.410199 0.830308 0.072580 0.051220
9 0.494597 0.815981 0.095388 0.043052
9 0.475931 0.849202 0.082948 0.023670
9 0.551621 0.824285 0.072575 0.034747
9 0.664634 0.823594 0.045623 0.025053
9 0.728917 0.809058 0.082943 0.040283
9 0.761061 0.791754 0.072580 0.047204
9 0.816011 0.804220 0.053914 0.025070
9 0.883406 0.795908 0.072580 0.025053
9 0.960129 0.780680 0.055986 0.025057
9 0.948728 0.757841 0.058063 0.040283
9 0.891701 0.768915 0.068431 0.037517
9 0.838822 0.776528 0.062206 0.033361
9 0.806681 0.749535 0.060134 0.054122
9 0.728917 0.741230 0.049766 0.045818
9 0.631218 0.794209 0.058999 0.050738
9 0.690620 0.797013 0.056001 0.039385
9 0.439612 0.809363 0.042002 0.030708
9 0.393110 0.799684 0.053003 0.043391
9 0.424612 0.782994 0.044004 0.028707
9 0.478613 0.787000 0.056001 0.040721
9 0.524114 0.789335 0.039004 0.033378
9 0.510115 0.750617 0.065000 0.034711
9 0.450112 0.758966 0.056997 0.035392
9 0.375610 0.765303 0.056001 0.040053
9 0.374109 0.732926 0.065000 0.036715
9 0.429111 0.729255 0.061001 0.034714
9 0.461113 0.711564 0.051001 0.035382
9 0.406611 0.699214 0.058003 0.032045
9 0.352607 0.712566 0.046001 0.034714
9 0.610115 0.776652 0.045000 0.036051
9 0.655618 0.750617 0.060000 0.044059
9 0.697617 0.772646 0.066001 0.036051
9 0.611116 0.742606 0.047002 0.038717
9 0.638618 0.712565 0.061997 0.042723
9 0.598616 0.708893 0.044004 0.036715
9 0.542615 0.695542 0.054004 0.036715
9 0.569619 0.687525 0.050005 0.040708
9 0.769554 0.714907 0.065832 0.044561
9 0.852888 0.712404 0.057500 0.049568
9 0.858307 0.749121 0.053337 0.039551
9 0.904136 0.731041 0.056678 0.040113
9 0.958728 0.729927 0.054168 0.025645
9 0.989572 0.747452 0.020857 0.033993
9 0.986238 0.711847 0.027525 0.041779
9 0.934975 0.714352 0.046663 0.027872
9 0.958725 0.689874 0.055837 0.047899
9 0.892475 0.695158 0.053337 0.038441
9 0.910391 0.684589 0.042505 0.028428
9 0.860809 0.667344 0.061658 0.044003
9 0.767054 0.766087 0.057505 0.017859
9 0.712886 0.705730 0.050832 0.035103
9 0.449963 0.694797 0.045832 0.021695
9 0.603299 0.681528 0.040005 0.030096
9 0.675386 0.701556 0.034168 0.034548
9 0.679552 0.673742 0.057500 0.030096
9 0.721220 0.675411 0.045837 0.033434
9 0.768307 0.674576 0.058337 0.045116
9 0.817473 0.688205 0.051668 0.032320
9 0.802475 0.652600 0.044990 0.038996
9 0.747052 0.647038 0.052500 0.032320
9 0.764554 0.638693 0.030832 0.021197
9 0.792473 0.630349 0.036668 0.012294
9 0.801220 0.621448 0.055837 0.027869
9 0.762888 0.601421 0.047500 0.040110
9 0.731220 0.617276 0.050837 0.030655
9 0.684562 0.623672 0.052490 0.031207
9 0.705383 0.648150 0.037500 0.040110
9 0.649552 0.663727 0.052500 0.038996
9 0.673302 0.646481 0.033337 0.026759
9 0.627883 0.632296 0.050837 0.035103
9 0.578299 0.649543 0.056668 0.035103
9 0.612465 0.660946 0.035000 0.028986
9 0.537465 0.658165 0.035000 0.028983
9 0.491213 0.659834 0.049168 0.028983
9 0.424960 0.657330 0.050000 0.032879
9 0.455797 0.658720 0.028337 0.026755
9 0.511215 0.637302 0.055837 0.026200
9 0.554965 0.615884 0.038337 0.038996
9 0.603299 0.610321 0.055005 0.032324
9 0.517358 0.624697 0.053242 0.031715
9 0.590859 0.633391 0.041668 0.018198
9 0.436628 0.624890 0.052659 0.042148
9 0.406823 0.630879 0.023147 0.025535
9 0.471350 0.613301 0.044562 0.026695
9 0.469905 0.635130 0.034721 0.027852
9 0.670732 0.545567 0.047221 0.027816
9 0.714482 0.539077 0.050000 0.030595
9 0.743997 0.515201 0.043750 0.031061
9 0.766915 0.497806 0.040971 0.033378
9 0.730802 0.493645 0.035418 0.019471
9 0.752331 0.475101 0.038197 0.021326
9 0.704069 0.499904 0.040279 0.018078
9 0.712747 0.518215 0.043750 0.022254
9 0.670040 0.513117 0.040279 0.038015
9 0.639480 0.530500 0.041668 0.025495
9 0.599898 0.538381 0.048611 0.024568
9 0.597819 0.524706 0.041653 0.020402
9 0.552672 0.519839 0.054168 0.029205
9 0.517253 0.530037 0.051389 0.025499
9 0.453710 0.557620 0.045139 0.023178
9 0.353013 0.559475 0.047918 0.015765
9 0.312042 0.555070 0.056255 0.021789
9 0.295027 0.542553 0.052784 0.027354
9 0.340934 0.535321 0.051529 0.039033
9 0.389811 0.545578 0.052082 0.034807
9 0.439579 0.536692 0.043979 0.037128
9 0.478065 0.536692 0.042246 0.030944
9 0.505844 0.512548 0.042246 0.029784
9 0.548090 0.502503 0.034148 0.012786
9 0.582234 0.498833 0.048033 0.034036
9 0.622455 0.510229 0.048616 0.025924
9 0.649076 0.478165 0.046300 0.030559
9 0.663835 0.493039 0.057291 0.019355
9 0.705500 0.483767 0.037615 0.022447
9 0.682639 0.474691 0.039353 0.025153
9 0.561111 0.486664 0.035876 0.024378
9 0.518284 0.489563 0.041668 0.032490
9 0.465623 0.511581 0.039353 0.028627
9 0.429166 0.505786 0.040503 0.027856
9 0.374763 0.515638 0.045144 0.029787
9 0.290560 0.525490 0.043401 0.023993
9 0.348439 0.493231 0.043391 0.038285
9 0.388075 0.494390 0.041668 0.032876
9 0.312261 0.507912 0.034721 0.026695
9 0.274066 0.506754 0.047455 0.032876
9 0.303870 0.493617 0.029512 0.015878
9 0.324420 0.481448 0.038182 0.028627
9 0.260757 0.486664 0.048606 0.032876
9 0.252363 0.471790 0.042246 0.023993
9 0.289980 0.468893 0.035299 0.018198
9 0.313997 0.457689 0.041668 0.033650
9 0.359716 0.459428 0.034721 0.025539
9 0.394440 0.464450 0.043979 0.023993
9 0.417298 0.489367 0.026041 0.029013
9 0.451449 0.486079 0.052679 0.027842
9 0.484432 0.494004 0.038775 0.023607
9 0.526965 0.474109 0.041668 0.022447
9 0.557639 0.457882 0.040508 0.034036
9 0.596703 0.473529 0.045717 0.025921
9 0.634029 0.462325 0.042829 0.031333
9 0.667017 0.454791 0.039353 0.027081
9 0.708683 0.458263 0.042824 0.032477
9 0.737622 0.448803 0.041668 0.027467
9 0.520889 0.463870 0.031828 0.019741
9 0.439001 0.465996 0.040513 0.030170
9 0.463596 0.442046 0.039930 0.029405
9 0.430319 0.455371 0.033566 0.032876
9 0.395309 0.445908 0.039930 0.019355
9 0.283616 0.451508 0.032988 0.022058
9 0.249761 0.459043 0.039353 0.012400
9 0.243683 0.448030 0.048033 0.021287
9 0.270306 0.443009 0.030672 0.017420
9 0.317470 0.439533 0.037042 0.009697
9 0.309953 0.428137 0.033551 0.024764
9 0.342936 0.426591 0.041668 0.024764
9 0.355087 0.442237 0.041668 0.018969
9 0.378237 0.431227 0.039353 0.023989
9 0.590232 0.433512 0.040991 0.031227
9 0.638456 0.439789 0.042918 0.022537
9 0.676315 0.430454 0.042440 0.027045
9 0.708628 0.438180 0.045334 0.021247
9 0.623023 0.426428 0.034243 0.023501
9 0.583479 0.455565 0.026529 0.019960
9 0.530911 0.443654 0.040030 0.024468
9 0.484856 0.450414 0.041474 0.018674
9 0.506556 0.426591 0.042435 0.023182
9 0.563705 0.421762 0.037131 0.027041
9 0.567082 0.400030 0.038098 0.022214
9 0.581790 0.380554 0.037615 0.021892
9 0.606628 0.381681 0.038098 0.020928
9 0.636287 0.386187 0.039547 0.015778
9 0.635563 0.400514 0.033277 0.020602
9 0.640144 0.411298 0.041474 0.017064
9 0.683065 0.416611 0.040513 0.016739
9 0.601803 0.405181 0.044851 0.015775
9 0.525364 0.409044 0.041474 0.018993
9 0.521509 0.396488 0.041474 0.024146
9 0.542968 0.387635 0.032311 0.018029
9 0.485339 0.390050 0.030867 0.021569
9 0.457366 0.410655 0.040508 0.031230
9 0.467495 0.421762 0.041474 0.019315
9 0.426260 0.426430 0.033277 0.026077
9 0.400944 0.409528 0.039537 0.028976
9 0.335595 0.403895 0.040991 0.027364
9 0.304246 0.405181 0.024597 0.018348
9 0.298459 0.394556 0.041957 0.019638
9 0.335834 0.388600 0.040513 0.019315
9 0.367184 0.384578 0.031828 0.018996
9 0.370558 0.395040 0.028934 0.015452
9 0.398772 0.391177 0.029417 0.010299
9 0.404557 0.378783 0.032311 0.018351
9 0.429636 0.400030 0.027490 0.018996
9 0.363805 0.409367 0.029900 0.028009
9 0.485590 0.410766 0.025354 0.022217
9 0.462679 0.393998 0.029303 0.009485
9 0.508499 0.384683 0.028372 0.015076
