9 0.681935 0.595519 0.171396 0.174588
9 0.804037 0.562213 0.138534 0.134550
9 0.887376 0.509138 0.192527 0.118100
9 0.843949 0.720844 0.201926 0.177737
9 0.896731 0.922669 0.206537 0.151163
9 0.852164 0.825581 0.277049 0.106487
9 0.692544 0.752406 0.178375 0.159463
9 0.669064 0.908556 0.276996 0.166112
9 0.408419 0.881975 0.234788 0.182725
9 0.166581 0.931019 0.267650 0.137963
9 0.146625 0.809719 0.274700 0.147837
9 0.510548 0.674419 0.237138 0.116438
9 0.347376 0.748256 0.187827 0.154488
9 0.566899 0.580481 0.143233 0.114612
9 0.384938 0.594606 0.206625 0.132888
9 0.202977 0.678569 0.251219 0.141362
9 0.051599 0.758306 0.103198 0.108137
9 0.048074 0.620437 0.096148 0.187875
9 0.120795 0.600500 0.110353 0.101500
9 0.160707 0.510800 0.147915 0.098175
9 0.488242 0.507475 0.169064 0.138050
9 0.664329 0.476744 0.173746 0.119763
