9 0.024691 0.206556 0.037735 0.055166
9 0.724353 0.915982 0.117765 0.108459
9 0.842625 0.918066 0.114721 0.095952
9 0.879199 0.792931 0.078103 0.162659
9 0.812669 0.733489 0.093397 0.227341
9 0.738059 0.781465 0.094412 0.198157
9 0.664449 0.781465 0.077162 0.206495
9 0.584243 0.710544 0.087309 0.173112
9 0.429419 0.601057 0.108632 0.150151
9 0.599471 0.562462 0.069029 0.143897
9 0.702522 0.625030 0.096456 0.131390
9 0.795434 0.511329 0.107662 0.145921
9 0.659375 0.513459 0.099485 0.154350
9 0.707596 0.419592 0.096456 0.146012
9 0.788309 0.365363 0.099500 0.150181
9 0.551757 0.438369 0.097456 0.145982
9 0.450235 0.495725 0.095441 0.110544
9 0.359375 0.519713 0.104574 0.141843
9 0.271044 0.527009 0.076147 0.127251
9 0.309118 0.424804 0.097471 0.160604
9 0.387294 0.369547 0.093412 0.133474
9 0.457853 0.360151 0.086294 0.152266
9 0.536529 0.305937 0.089353 0.114713
9 0.526882 0.384139 0.074118 0.112628
9 0.611985 0.291360 0.075206 0.176314
9 0.624029 0.434396 0.066382 0.122024
9 0.678956 0.304637 0.075206 0.128066
9 0.704522 0.263610 0.058162 0.120816
9 0.763559 0.200227 0.091647 0.112356
9 0.841412 0.402402 0.044059 0.111148
9 0.258000 0.439819 0.048765 0.130453
9 0.311176 0.315498 0.096353 0.137704
9 0.437493 0.279290 0.055221 0.067704
9 0.425743 0.171873 0.061103 0.154622
9 0.497419 0.226178 0.088132 0.125650
9 0.558816 0.145317 0.065221 0.111178
9 0.635779 0.190574 0.075794 0.163082
9 0.688949 0.150755 0.049338 0.102719
9 0.741824 0.120574 0.072853 0.097885
9 0.652816 0.104879 0.045250 0.059245
9 0.663096 0.078927 0.065809 0.065287
9 0.505353 0.107900 0.072265 0.115982
9 0.450419 0.100650 0.063456 0.084622
9 0.293838 0.209275 0.045235 0.101511
9 0.874426 0.268369 0.078147 0.117100
9 0.835529 0.205665 0.051118 0.079789
9 0.867257 0.158595 0.051103 0.072538
9 0.913971 0.227991 0.048176 0.088248
9 0.971375 0.218338 0.057250 0.088218
9 0.959206 0.285317 0.075206 0.103927
9 0.907794 0.334819 0.071088 0.115982
9 0.951279 0.371616 0.095765 0.122024
9 0.965206 0.482674 0.069588 0.112356
9 0.875779 0.386103 0.028206 0.131662
9 0.363757 0.261178 0.062868 0.140121
9 0.521691 0.554532 0.102500 0.177281
9 0.490846 0.702205 0.109632 0.168943
9 0.515206 0.858640 0.107618 0.181450
9 0.604551 0.893051 0.085279 0.204411
9 0.384250 0.917326 0.125882 0.165347
9 0.272066 0.951737 0.110662 0.096526
9 0.283228 0.817961 0.114721 0.191873
9 0.374603 0.748097 0.088324 0.198127
9 0.284243 0.651103 0.102544 0.154350
9 0.226875 0.670921 0.069044 0.181480
9 0.207088 0.853414 0.086294 0.216918
9 0.083228 0.849245 0.108632 0.250272
9 0.018522 0.799199 0.037044 0.200211
9 0.075103 0.626088 0.086294 0.191873
9 0.129934 0.608353 0.065985 0.143897
9 0.165463 0.501979 0.059897 0.139728
9 0.134500 0.406042 0.097471 0.152266
9 0.049993 0.417523 0.099985 0.133474
9 0.023088 0.546828 0.046176 0.158489
9 0.089324 0.500937 0.082235 0.100121
9 0.015978 0.669879 0.031956 0.095952
9 0.022074 0.928792 0.044147 0.142417
9 0.060390 0.300725 0.101515 0.104290
9 0.138051 0.289245 0.076132 0.131420
9 0.201000 0.372674 0.041618 0.152236
9 0.194397 0.295514 0.056853 0.110544
9 0.214199 0.200604 0.063956 0.108459
9 0.140596 0.202689 0.087309 0.095952
9 0.029412 0.266934 0.054294 0.104804
9 0.083228 0.188097 0.049750 0.083444
9 0.071559 0.139079 0.064971 0.089698
9 0.975809 0.813958 0.048382 0.152145
9 0.909265 0.485076 0.048176 0.085801
9 0.927772 0.564743 0.058162 0.114804
9 0.975493 0.581042 0.049015 0.074955
9 0.947456 0.688459 0.077559 0.159456
9 0.979603 0.684230 0.040794 0.138912
9 0.961390 0.917175 0.077221 0.078580
