9 0.880051 0.289449 0.053676 0.030528
9 0.902079 0.323495 0.067287 0.045750
9 0.934519 0.319875 0.064889 0.064139
9 0.773523 0.326694 0.042417 0.069759
9 0.935630 0.442315 0.085519 0.062593
9 0.445588 0.790440 0.167435 0.207306
9 0.281134 0.807282 0.213287 0.239398
9 0.077278 0.682694 0.154556 0.237407
9 0.114694 0.875037 0.199333 0.179556
9 0.374824 0.933861 0.125574 0.117815
9 0.532296 0.932866 0.205315 0.119806
9 0.570171 0.815259 0.129565 0.187574
9 0.540273 0.666755 0.153491 0.173620
9 0.414690 0.679708 0.157472 0.087898
9 0.216356 0.634861 0.175417 0.137741
9 0.364856 0.571069 0.145509 0.189565
9 0.455556 0.546153 0.131556 0.143713
9 0.250218 0.541167 0.159509 0.149704
9 0.079264 0.547148 0.134639 0.125778
9 0.154560 0.450477 0.151491 0.151694
9 0.167519 0.354810 0.189370 0.103898
9 0.289111 0.383694 0.089704 0.113815
9 0.367847 0.334861 0.175417 0.115815
9 0.499412 0.378708 0.119602 0.123787
9 0.452565 0.442500 0.101667 0.063981
9 0.617019 0.506287 0.095685 0.063981
9 0.739606 0.473407 0.113620 0.101889
9 0.740606 0.560106 0.103657 0.075954
9 0.678810 0.825222 0.079731 0.155685
9 0.744588 0.744491 0.135546 0.161667
9 0.811370 0.872065 0.161463 0.125778
9 0.751569 0.949810 0.117602 0.061991
9 0.868181 0.967750 0.123583 0.050037
9 0.941935 0.881037 0.087704 0.087907
9 0.903065 0.809278 0.149500 0.127778
9 0.827319 0.725556 0.129565 0.103852
9 0.790440 0.657782 0.115620 0.075954
9 0.682796 0.626884 0.107648 0.081935
9 0.654889 0.429542 0.123593 0.089898
9 0.636954 0.351806 0.119611 0.093889
9 0.737616 0.389676 0.085713 0.085907
9 0.822620 0.476384 0.088278 0.099861
9 0.822176 0.570653 0.087481 0.082769
9 0.952917 0.544218 0.060556 0.097194
9 0.945222 0.610546 0.062481 0.045278
9 0.903412 0.507685 0.059602 0.066426
9 0.862556 0.579306 0.043259 0.094296
9 0.844769 0.481255 0.053833 0.092380
9 0.895718 0.377412 0.119194 0.078880
9 0.500815 0.312398 0.105741 0.076907
9 0.218755 0.309074 0.137787 0.063370
9 0.818769 0.307472 0.089722 0.069778
