9 0.366517 0.621567 0.256100 0.348400
9 0.119233 0.617533 0.238467 0.354133
9 0.106550 0.894417 0.213100 0.211167
9 0.341717 0.888067 0.284900 0.223867
9 0.609917 0.910000 0.265300 0.180000
9 0.421600 0.321183 0.206000 0.294167
9 0.175500 0.355900 0.291867 0.261267
9 0.857367 0.608867 0.254933 0.269933
9 0.862550 0.337783 0.223767 0.302233
9 0.238533 0.172750 0.275733 0.207633
9 0.451167 0.101750 0.215933 0.203500
9 0.652150 0.107567 0.212633 0.215133
9 0.856467 0.104233 0.222600 0.208467
9 0.644533 0.327350 0.239933 0.315967
9 0.610433 0.648683 0.243533 0.344900
