9 0.110463 0.493937 0.220925 0.312475
9 0.728075 0.579575 0.301000 0.299000
9 0.896125 0.765050 0.207750 0.368950
9 0.670675 0.788975 0.255150 0.313150
9 0.440438 0.792000 0.245175 0.331000
9 0.204288 0.662763 0.295825 0.337675
9 0.171925 0.812925 0.343850 0.282650
9 0.367938 0.491437 0.274075 0.314125
9 0.122925 0.176750 0.245850 0.348850
9 0.328912 0.173338 0.219275 0.312475
9 0.493363 0.269737 0.272425 0.369025
9 0.798175 0.292938 0.323900 0.282575
9 0.881225 0.452412 0.237550 0.226075
9 0.817113 0.120263 0.229225 0.151175
9 0.587213 0.125250 0.277425 0.235900
