9 0.225056 0.619571 0.112571 0.169432
9 0.614335 0.429506 0.093811 0.139534
9 0.693259 0.426184 0.089302 0.132889
9 0.688747 0.306584 0.085693 0.132889
9 0.693259 0.194455 0.089302 0.114613
9 0.681080 0.074856 0.101027 0.121267
9 0.595840 0.075685 0.089302 0.116272
9 0.606215 0.192796 0.082986 0.107978
9 0.608922 0.304921 0.082986 0.112954
9 0.523679 0.320704 0.083887 0.121258
9 0.519620 0.446114 0.090202 0.122926
9 0.427614 0.448616 0.095612 0.127931
9 0.341470 0.442796 0.094712 0.112954
9 0.338765 0.324856 0.100121 0.116272
9 0.434380 0.327344 0.094712 0.107978
9 0.425359 0.211062 0.096518 0.124585
9 0.517814 0.201929 0.090202 0.112954
9 0.333803 0.209404 0.093811 0.124585
9 0.339228 0.092297 0.088376 0.102992
9 0.425810 0.088993 0.088401 0.116328
9 0.511503 0.083989 0.090202 0.106319
9 0.419894 0.694324 0.155870 0.215284
9 0.325180 0.602628 0.128811 0.127568
9 0.215855 0.787013 0.109322 0.205322
9 0.316521 0.820899 0.104995 0.233225
9 0.415562 0.885028 0.151538 0.190056
9 0.238588 0.929539 0.096336 0.095685
9 0.625554 0.810937 0.106078 0.304986
9 0.773305 0.614585 0.128806 0.159459
