9 0.225983 0.812917 0.342867 0.119800
9 0.090067 0.738167 0.180133 0.249367
9 0.056175 0.562758 0.112350 0.153683
9 0.134283 0.488008 0.111633 0.111817
9 0.201058 0.527875 0.133550 0.143717
9 0.282792 0.584683 0.161450 0.169633
9 0.417342 0.537842 0.135550 0.143717
9 0.638592 0.629533 0.155517 0.107833
9 0.576808 0.557775 0.123583 0.111817
9 0.784117 0.625550 0.131567 0.111833
9 0.738267 0.568733 0.119600 0.089900
9 0.497083 0.505950 0.079733 0.087900
9 0.316675 0.476042 0.113617 0.083917
9 0.249900 0.432192 0.107633 0.063983
9 0.354550 0.431200 0.097667 0.058000
9 0.578408 0.760800 0.283050 0.209300
9 0.407375 0.686350 0.191350 0.201533
