9 0.950625 0.661120 0.083050 0.113120
9 0.509175 0.438940 0.115850 0.279080
9 0.257900 0.402560 0.165700 0.333120
9 0.193738 0.880960 0.156975 0.225440
9 0.171925 0.759380 0.118350 0.149720
9 0.276587 0.715520 0.098425 0.149680
9 0.307700 0.820180 0.113400 0.191560
9 0.369387 0.916020 0.169425 0.167960
9 0.484013 0.887940 0.154475 0.223480
9 0.607350 0.943920 0.199350 0.112160
9 0.695225 0.897000 0.184800 0.206000
9 0.571675 0.795660 0.141200 0.186200
9 0.478762 0.694340 0.098625 0.149640
9 0.379087 0.665260 0.094475 0.144680
9 0.668025 0.370340 0.103800 0.107960
9 0.771537 0.348000 0.104875 0.114800
9 0.722738 0.529060 0.084075 0.111480
9 0.775687 0.510780 0.079925 0.091560
9 0.845238 0.555640 0.094475 0.091520
9 0.738825 0.627900 0.085150 0.089880
9 0.822925 0.684380 0.074750 0.076600
9 0.916362 0.710960 0.085125 0.093200
9 0.850962 0.654460 0.099675 0.116440
9 0.897675 0.628720 0.060200 0.074880
9 0.778800 0.602140 0.048800 0.088200
9 0.637275 0.520960 0.051550 0.062080
9 0.694163 0.488540 0.064025 0.062280
9 0.676388 0.575800 0.059775 0.059600
