9 0.777936 0.235603 0.135942 0.052735
9 0.806750 0.376784 0.077919 0.031136
9 0.880547 0.365781 0.074535 0.038720
9 0.878064 0.326391 0.073081 0.042055
9 0.825442 0.344750 0.067233 0.037382
9 0.832750 0.196216 0.093547 0.051402
9 0.742855 0.189209 0.103779 0.058747
9 0.756012 0.334737 0.097930 0.041391
9 0.671965 0.319716 0.078930 0.039389
9 0.612041 0.331731 0.102314 0.031375
9 0.671971 0.353093 0.105244 0.030042
9 0.651506 0.381468 0.090616 0.033378
9 0.593035 0.375794 0.073093 0.039384
9 0.738471 0.367448 0.071616 0.026707
9 0.761564 0.303386 0.073081 0.034355
9 0.833122 0.303617 0.070035 0.029251
9 0.614890 0.302690 0.070035 0.020908
9 0.619640 0.255351 0.068209 0.021694
9 0.626948 0.233378 0.065779 0.026702
9 0.632430 0.205005 0.054814 0.034493
9 0.652529 0.187483 0.046291 0.016134
9 0.661052 0.173295 0.053593 0.021142
9 0.673233 0.152990 0.056023 0.016134
9 0.752227 0.151859 0.061756 0.015836
9 0.704599 0.165343 0.032988 0.022018
9 0.818203 0.155335 0.044826 0.021248
9 0.836558 0.167082 0.051605 0.016999
9 0.867262 0.157655 0.044826 0.020473
9 0.891355 0.177937 0.052407 0.025497
9 0.898983 0.203433 0.055826 0.025497
9 0.875302 0.241681 0.072744 0.035544
9 0.904901 0.231638 0.057523 0.031678
9 0.378686 0.238550 0.070047 0.037090
9 0.377872 0.197966 0.075116 0.046405
9 0.333215 0.171306 0.077151 0.032034
9 0.261128 0.172931 0.071093 0.033425
9 0.255558 0.206309 0.092372 0.040839
9 0.317477 0.194257 0.043651 0.015810
9 0.325093 0.216508 0.067000 0.036203
9 0.302256 0.248032 0.080186 0.029713
9 0.239320 0.238306 0.070035 0.030621
9 0.149488 0.253362 0.085256 0.034817
9 0.089605 0.246407 0.069023 0.040377
9 0.168779 0.223922 0.089326 0.028789
9 0.169791 0.188925 0.075116 0.046867
9 0.109953 0.200093 0.098116 0.034418
9 0.114180 0.176142 0.076128 0.023606
9 0.101233 0.222111 0.046279 0.017860
9 0.196488 0.290289 0.087698 0.036160
9 0.375907 0.344222 0.091349 0.038439
9 0.410012 0.323917 0.067000 0.028980
9 0.390523 0.303335 0.086488 0.032321
9 0.339977 0.289703 0.077953 0.033988
9 0.297343 0.295266 0.053593 0.031763
9 0.239488 0.298048 0.064558 0.022862
9 0.268721 0.315292 0.054814 0.023978
9 0.332669 0.319734 0.073081 0.030632
9 0.280291 0.338935 0.068209 0.034546
9 0.177366 0.324472 0.079174 0.041221
9 0.103070 0.360911 0.074279 0.033994
9 0.216343 0.358131 0.088919 0.033988
9 0.200506 0.382329 0.069430 0.028980
9 0.255320 0.389004 0.081616 0.024530
9 0.321698 0.395122 0.058465 0.012294
9 0.330837 0.377600 0.074302 0.026203
9 0.263843 0.367865 0.042640 0.021200
9 0.149959 0.344780 0.063337 0.033988
9 0.345901 0.472246 0.119779 0.073712
9 0.456541 0.511644 0.117756 0.043096
9 0.318494 0.534137 0.077151 0.031524
9 0.377872 0.509334 0.072070 0.028279
9 0.441314 0.537382 0.077140 0.023176
9 0.436750 0.474565 0.076128 0.038476
9 0.436244 0.451848 0.054814 0.014371
9 0.428215 0.428787 0.076128 0.031551
9 0.357727 0.424116 0.083174 0.027361
9 0.388035 0.407377 0.054977 0.013202
9 0.323890 0.410273 0.077547 0.018996
9 0.250227 0.419286 0.081058 0.034450
9 0.199122 0.418322 0.050756 0.031227
9 0.190308 0.459206 0.071198 0.037021
9 0.191372 0.492690 0.070488 0.035088
9 0.341744 0.620967 0.135000 0.086224
9 0.435628 0.568117 0.111651 0.033378
9 0.234145 0.591994 0.102523 0.050531
9 0.303169 0.569973 0.096430 0.030600
9 0.525919 0.621500 0.107488 0.056415
9 0.444326 0.632910 0.077814 0.052926
9 0.467587 0.598723 0.078663 0.030903
9 0.480703 0.671352 0.143802 0.051763
9 0.562326 0.666330 0.066814 0.044811
9 0.385959 0.685839 0.128570 0.027430
9 0.383558 0.787722 0.175605 0.104769
9 0.221657 0.780998 0.125872 0.057026
9 0.190192 0.743678 0.129919 0.051922
9 0.299308 0.732321 0.098453 0.048678
9 0.387110 0.720730 0.115709 0.037552
9 0.463744 0.758747 0.086279 0.056091
9 0.523640 0.810435 0.114698 0.066755
9 0.448517 0.832456 0.130942 0.033845
9 0.315250 0.927430 0.151035 0.099023
9 0.292709 0.985409 0.125465 0.029182
9 0.391378 0.981516 0.086477 0.036968
9 0.494302 0.987913 0.129116 0.024174
9 0.439488 0.959695 0.119372 0.042278
9 0.429744 0.924092 0.077953 0.033378
9 0.389547 0.893492 0.080395 0.028927
