9 0.746850 0.351067 0.176100 0.189533
9 0.234883 0.635550 0.177433 0.181367
9 0.161117 0.798600 0.169433 0.163467
9 0.329867 0.801100 0.176000 0.182400
9 0.508467 0.810383 0.194333 0.211100
9 0.592350 0.647600 0.169433 0.187867
9 0.766667 0.631817 0.176000 0.143033
9 0.412133 0.642600 0.194333 0.191200
9 0.502667 0.510550 0.159467 0.182900
9 0.666283 0.495600 0.174433 0.182867
9 0.833217 0.505567 0.166100 0.196200
9 0.170433 0.502233 0.166133 0.176200
9 0.336617 0.494767 0.179233 0.177933
9 0.254383 0.357717 0.171233 0.162967
9 0.421250 0.357717 0.169433 0.176233
9 0.585667 0.354400 0.166000 0.182867
9 0.805000 0.214867 0.159467 0.172933
9 0.653833 0.224833 0.159467 0.153000
9 0.495200 0.214050 0.167733 0.161300
9 0.339867 0.226500 0.156133 0.172933
9 0.187883 0.228983 0.167767 0.164633
9 0.268433 0.117700 0.152800 0.111467
9 0.427900 0.104400 0.179400 0.128067
9 0.590700 0.099417 0.166133 0.118100
