9 0.245753 0.575065 0.322935 0.159362
9 0.477299 0.335638 0.485065 0.275745
9 0.779416 0.302250 0.395429 0.249165
9 0.164292 0.258232 0.270662 0.157807
9 0.624929 0.654022 0.188922 0.107979
9 0.627565 0.739292 0.164766 0.087209
9 0.801117 0.757287 0.186727 0.048453
9 0.885701 0.707455 0.166961 0.084435
9 0.890084 0.626473 0.180143 0.105205
9 0.754981 0.643781 0.134013 0.095516
9 0.770364 0.709529 0.098857 0.058142
9 0.825286 0.566952 0.142805 0.083052
9 0.551773 0.548261 0.087883 0.109354
9 0.655026 0.521968 0.162571 0.098290
9 0.784643 0.505352 0.123026 0.062291
9 0.906571 0.507426 0.120831 0.063674
9 0.938403 0.563490 0.083455 0.065065
9 0.256734 0.712782 0.362481 0.144108
9 0.450065 0.526600 0.125221 0.084574
9 0.411617 0.647721 0.188922 0.157946
