9 0.095768 0.725196 0.163071 0.116443
9 0.291679 0.641310 0.207571 0.144692
9 0.413464 0.596457 0.218143 0.124762
9 0.523589 0.680343 0.205429 0.139706
9 0.640080 0.598123 0.167304 0.148011
9 0.514062 0.554930 0.169446 0.114790
9 0.880607 0.713515 0.134143 0.139804
9 0.659991 0.842640 0.144018 0.177913
9 0.144482 0.824860 0.222393 0.133053
9 0.268170 0.719482 0.222375 0.172801
9 0.290616 0.889650 0.260518 0.192857
9 0.503473 0.787486 0.283804 0.161303
9 0.527821 0.927857 0.294393 0.143025
9 0.824339 0.853102 0.209679 0.172927
9 0.736446 0.707773 0.199071 0.171289
