9 0.129185 0.163633 0.134667 0.143533
9 0.265617 0.145700 0.212617 0.265533
9 0.436605 0.122983 0.154148 0.172233
9 0.101790 0.050667 0.182346 0.101333
9 0.398519 0.237783 0.173630 0.167433
9 0.735519 0.570767 0.225012 0.287067
9 0.839716 0.819050 0.230346 0.287033
9 0.946432 0.589433 0.107136 0.239200
9 0.646580 0.915500 0.226790 0.169000
9 0.920741 0.916700 0.158519 0.166600
9 0.592519 0.758033 0.239160 0.313267
9 0.397630 0.897567 0.239210 0.204867
9 0.255889 0.883217 0.154148 0.233567
9 0.092062 0.928667 0.184123 0.142667
9 0.038012 0.827433 0.076025 0.227267
9 0.128309 0.681517 0.182494 0.303767
9 0.030926 0.599000 0.061852 0.277467
9 0.254988 0.576250 0.226815 0.294167
9 0.435728 0.669550 0.191358 0.255967
9 0.388765 0.414800 0.221481 0.325333
9 0.552630 0.409950 0.202049 0.253433
9 0.668728 0.364567 0.143531 0.138733
9 0.809593 0.455467 0.173654 0.177000
9 0.843259 0.282050 0.223259 0.203300
9 0.937160 0.421983 0.109877 0.186567
9 0.941111 0.158867 0.117778 0.220067
9 0.722704 0.166033 0.166444 0.277467
9 0.563259 0.216217 0.159407 0.177100
9 0.563296 0.066333 0.191383 0.132667
9 0.797185 0.086600 0.134667 0.173200
9 0.179691 0.320317 0.186049 0.212900
9 0.135395 0.451883 0.186049 0.184167
9 0.060160 0.273683 0.120321 0.167433
