9 0.054813 0.841500 0.109625 0.231400
9 0.115188 0.724900 0.138375 0.213480
9 0.303362 0.625220 0.120825 0.221480
9 0.191238 0.641160 0.093425 0.157680
9 0.084100 0.660100 0.103400 0.135720
9 0.382500 0.763760 0.142000 0.279280
9 0.295888 0.832520 0.080975 0.177600
9 0.357563 0.943620 0.144525 0.112760
9 0.571225 0.753780 0.123350 0.307160
9 0.430375 0.647140 0.123250 0.173640
9 0.489613 0.791660 0.094675 0.223480
9 0.208925 0.876940 0.163200 0.246120
9 0.595513 0.948600 0.174425 0.102800
9 0.698925 0.838500 0.137050 0.237400
9 0.890787 0.951600 0.174425 0.096800
9 0.816037 0.833520 0.156975 0.247360
9 0.825987 0.697980 0.097175 0.147720
9 0.935375 0.672060 0.129250 0.223480
9 0.468438 0.390000 0.077225 0.125760
9 0.570600 0.362080 0.074750 0.133760
9 0.017437 0.674880 0.034875 0.167440
9 0.464700 0.911280 0.104650 0.155680
