9 0.290700 0.749183 0.253133 0.191367
9 0.426233 0.556700 0.161467 0.237400
9 0.306650 0.911533 0.253167 0.173600
9 0.587700 0.548850 0.157467 0.229233
9 0.253817 0.561683 0.187367 0.231433
9 0.514950 0.897550 0.203300 0.173567
9 0.737217 0.534783 0.169433 0.209500
9 0.245850 0.117200 0.167433 0.199600
9 0.740200 0.329467 0.155467 0.225467
9 0.593717 0.328650 0.153433 0.227367
9 0.420267 0.328650 0.181400 0.227367
9 0.412300 0.111500 0.177400 0.223000
9 0.574750 0.113283 0.167433 0.223233
9 0.734217 0.110467 0.167433 0.220933
9 0.521933 0.737117 0.217267 0.187567
9 0.717267 0.704317 0.201333 0.161433
9 0.245833 0.323583 0.199333 0.231233
