9 0.442043 0.759724 0.110108 0.128346
9 0.497083 0.478858 0.132016 0.209291
9 0.540780 0.619587 0.122473 0.197362
9 0.378804 0.834862 0.157876 0.197362
9 0.650349 0.790020 0.151075 0.175394
9 0.767392 0.664429 0.145645 0.191378
9 0.648992 0.625551 0.110242 0.189370
9 0.383575 0.546831 0.132043 0.171457
9 0.271962 0.560787 0.099355 0.151496
9 0.101169 0.575728 0.136102 0.241220
9 0.207997 0.723248 0.145618 0.173425
9 0.344113 0.677382 0.129301 0.129567
9 0.545551 0.766102 0.104812 0.203307
9 0.775565 0.509961 0.137473 0.125591
9 0.667352 0.492008 0.097984 0.145512
9 0.602030 0.411260 0.089812 0.151496
9 0.392433 0.390354 0.119758 0.189370
9 0.282863 0.358465 0.110242 0.189370
9 0.186223 0.388366 0.110242 0.153504
9 0.342755 0.251811 0.118414 0.131575
9 0.222298 0.514921 0.114328 0.131575
9 0.480901 0.904626 0.127930 0.117598
9 0.618360 0.898681 0.155161 0.113661
9 0.448306 0.642480 0.081667 0.122913
