9 0.574361 0.880602 0.440130 0.238796
9 0.291306 0.618111 0.422593 0.327111
9 0.326787 0.353097 0.368370 0.272694
9 0.684389 0.568380 0.437741 0.349241
9 0.680806 0.301190 0.382722 0.215287
9 0.937278 0.668366 0.125444 0.299009
9 0.705921 0.804708 0.313361 0.188972
9 0.902597 0.473431 0.194806 0.196120
9 0.101199 0.190440 0.202398 0.258343
9 0.077278 0.530824 0.154556 0.291833
9 0.275356 0.146903 0.246380 0.203324
9 0.515759 0.161255 0.267907 0.165046
9 0.823130 0.185176 0.322926 0.179407
9 0.888481 0.896662 0.223037 0.189454
9 0.196417 0.823181 0.392296 0.353639
