9 0.903597 0.536819 0.191361 0.155472
9 0.648444 0.694299 0.199333 0.163458
9 0.216889 0.751111 0.169444 0.173417
9 0.084326 0.832833 0.127569 0.141528
9 0.092306 0.668382 0.163444 0.195347
9 0.274694 0.618549 0.197333 0.127569
9 0.405292 0.518882 0.207250 0.159458
9 0.144132 0.550778 0.095681 0.083722
9 0.127187 0.454097 0.221264 0.173417
9 0.253771 0.499944 0.111625 0.113611
9 0.287653 0.392306 0.147500 0.149500
9 0.430174 0.376361 0.145514 0.117611
9 0.567722 0.411236 0.173417 0.151500
9 0.731174 0.404264 0.161458 0.125583
9 0.923896 0.904597 0.152208 0.161472
9 0.646458 0.523882 0.191361 0.181375
9 0.465063 0.658417 0.195347 0.175417
9 0.338486 0.821875 0.157472 0.215278
9 0.485993 0.834833 0.173431 0.209306
9 0.642472 0.857750 0.167444 0.191361
9 0.796951 0.827854 0.145514 0.219264
9 0.934854 0.716229 0.130292 0.195347
9 0.802931 0.625528 0.217278 0.189361
