9 0.548195 0.245781 0.295672 0.282562
9 0.155406 0.923555 0.310812 0.152891
9 0.436375 0.900828 0.265562 0.198344
9 0.253406 0.745563 0.373156 0.265750
9 0.686070 0.436812 0.119609 0.212781
9 0.504172 0.083828 0.237531 0.157969
9 0.730922 0.091375 0.265781 0.182750
9 0.705547 0.795578 0.363594 0.408844
9 0.852180 0.475016 0.239203 0.219438
9 0.843031 0.236648 0.313938 0.294172
9 0.423477 0.537094 0.435359 0.385125
9 0.882070 0.721695 0.235859 0.320766
9 0.128750 0.423523 0.257500 0.438703
9 0.255008 0.191805 0.303984 0.320766
