9 0.659521 0.602120 0.097458 0.114615
9 0.745896 0.269891 0.217069 0.127906
9 0.772479 0.477536 0.119597 0.084719
9 0.751444 0.387005 0.183833 0.102990
9 0.638486 0.323047 0.174972 0.161135
9 0.487875 0.398630 0.183833 0.166115
9 0.294076 0.475875 0.234764 0.131229
9 0.515556 0.518229 0.217056 0.106312
9 0.630729 0.468396 0.181625 0.139542
9 0.555410 0.638661 0.150569 0.121260
9 0.265250 0.619557 0.203833 0.152823
9 0.423646 0.775703 0.112958 0.179406
9 0.283000 0.768229 0.186056 0.161125
9 0.618569 0.776536 0.099639 0.171094
9 0.518875 0.764078 0.174972 0.196010
9 0.750333 0.762417 0.177194 0.172750
9 0.787979 0.588000 0.203764 0.199333
9 0.424750 0.603776 0.168333 0.184385
9 0.504486 0.277370 0.181611 0.112969
9 0.350569 0.235010 0.188306 0.161125
9 0.491201 0.153615 0.212625 0.137875
9 0.743687 0.150292 0.243625 0.131229
9 0.285243 0.161922 0.172708 0.147844
9 0.248639 0.338828 0.170611 0.152823
9 0.393743 0.382016 0.137319 0.139531
