9 0.343736 0.574012 0.134556 0.263136
9 0.260771 0.426506 0.127819 0.318938
9 0.148076 0.368704 0.140153 0.231235
9 0.183958 0.228173 0.104278 0.153481
9 0.291042 0.266037 0.123333 0.205309
9 0.390257 0.382630 0.113292 0.187333
9 0.409896 0.257074 0.125569 0.151481
9 0.488049 0.343383 0.102042 0.181383
9 0.611722 0.390630 0.096417 0.175432
9 0.670590 0.312889 0.124458 0.179407
9 0.725528 0.442457 0.126694 0.151481
9 0.801778 0.378667 0.122222 0.187358
9 0.853333 0.547074 0.126667 0.245259
9 0.749639 0.280000 0.116611 0.189383
9 0.532896 0.379259 0.146875 0.185383
9 0.566847 0.249099 0.125639 0.155481
9 0.752444 0.610852 0.146889 0.284963
9 0.736181 0.771358 0.183889 0.139556
9 0.881951 0.749432 0.179403 0.199358
9 0.574972 0.759000 0.154667 0.163481
9 0.338132 0.758395 0.201819 0.201333
9 0.098181 0.772358 0.159222 0.189358
9 0.228250 0.708580 0.136806 0.297012
9 0.134063 0.563049 0.159208 0.269111
9 0.503743 0.558667 0.193986 0.269086
9 0.625743 0.583988 0.115486 0.219284
