9 0.340458 0.821347 0.246922 0.270656
9 0.095465 0.841815 0.190931 0.316370
9 0.531396 0.840422 0.196306 0.270539
9 0.766809 0.888454 0.200886 0.223091
9 0.621111 0.950656 0.151832 0.098689
9 0.919827 0.945867 0.160345 0.108267
9 0.858829 0.797377 0.176366 0.237049
9 0.964302 0.773454 0.071396 0.217916
9 0.765270 0.658630 0.151832 0.227471
9 0.450878 0.625141 0.182508 0.256183
9 0.102365 0.652658 0.204730 0.191593
9 0.259182 0.524684 0.145691 0.170070
9 0.521419 0.396698 0.108904 0.201171
9 0.587372 0.554578 0.111952 0.177260
9 0.687793 0.578501 0.107417 0.143747
9 0.634917 0.415843 0.118093 0.182037
9 0.815113 0.540234 0.098153 0.124637
9 0.919399 0.595246 0.113483 0.158126
9 0.976569 0.579707 0.046862 0.150937
9 0.790578 0.478033 0.073619 0.105480
