9 0.062652 0.459803 0.125304 0.375549
9 0.240200 0.695466 0.402141 0.521366
9 0.092175 0.790300 0.184351 0.419400
9 0.903384 0.900331 0.193232 0.199337
9 0.633246 0.583240 0.301602 0.447308
9 0.740483 0.939803 0.276077 0.120393
9 0.484358 0.865652 0.315953 0.268696
9 0.188343 0.294752 0.266492 0.399482
9 0.812293 0.751625 0.196271 0.222464
9 0.928729 0.693271 0.142541 0.193747
9 0.803515 0.500466 0.217030 0.327723
9 0.905746 0.402402 0.188508 0.308571
9 0.742079 0.242133 0.215428 0.260745
9 0.492341 0.367712 0.153191 0.234431
9 0.377438 0.396408 0.146809 0.119607
9 0.238287 0.181656 0.310221 0.333251
9 0.414523 0.111977 0.179157 0.223954
9 0.570704 0.093147 0.156989 0.181325
9 0.533681 0.213075 0.151616 0.141553
9 0.725670 0.044545 0.121008 0.089089
9 0.923142 0.059493 0.138301 0.118986
9 0.881927 0.114896 0.098412 0.147723
9 0.045898 0.145580 0.091796 0.291159
9 0.808122 0.066470 0.086436 0.132940
9 0.430898 0.561460 0.151602 0.330083
9 0.728515 0.840135 0.194682 0.193768
