1 0.469903 0.911705 0.286355 0.176590
1 0.215992 0.865181 0.272242 0.208331
1 0.125710 0.669541 0.232742 0.172382
1 0.356347 0.646802 0.236984 0.173434
1 0.608145 0.692279 0.244032 0.190363
1 0.408919 0.484299 0.251710 0.176457
1 0.210274 0.514135 0.223129 0.163700
1 0.565387 0.535042 0.200000 0.154534
1 0.537831 0.359353 0.195242 0.154015
1 0.246677 0.330792 0.199323 0.147896
1 0.445282 0.275574 0.179855 0.143652
1 0.619847 0.257515 0.171629 0.139238
1 0.379460 0.412660 0.180468 0.097751
1 0.892565 0.328809 0.214871 0.161270
