1 0.147411 0.928035 0.217468 0.143930
1 0.328435 0.921288 0.163387 0.141004
1 0.499476 0.917763 0.171629 0.142757
1 0.658371 0.896475 0.163258 0.141778
1 0.811435 0.881233 0.178903 0.143821
1 0.836266 0.757044 0.168694 0.118827
1 0.682524 0.762400 0.179597 0.140762
1 0.506331 0.782031 0.182306 0.138210
1 0.332524 0.793767 0.173468 0.140254
1 0.148508 0.788410 0.197274 0.142793
1 0.142734 0.644335 0.219726 0.153507
1 0.336605 0.660151 0.168016 0.130048
1 0.507355 0.648670 0.172097 0.131584
1 0.832524 0.639238 0.170758 0.115768
1 0.822661 0.518881 0.179581 0.123930
1 0.659734 0.588495 0.181629 0.130556
1 0.827419 0.395713 0.182323 0.125453
1 0.660073 0.457932 0.178242 0.128513
1 0.508710 0.517606 0.177548 0.131584
1 0.329468 0.524994 0.191839 0.138210
1 0.137290 0.494401 0.202032 0.149432
1 0.133548 0.350320 0.194548 0.142793
1 0.326403 0.384238 0.191161 0.143301
1 0.507694 0.385006 0.171419 0.133615
1 0.655653 0.326862 0.174823 0.130556
1 0.825040 0.265151 0.193887 0.132600
1 0.509048 0.249855 0.185032 0.142805
1 0.325040 0.242207 0.184339 0.142793
1 0.136605 0.192739 0.219726 0.164220
1 0.296815 0.089970 0.197274 0.166759
1 0.479798 0.102715 0.165984 0.152491
1 0.632863 0.165447 0.172790 0.146372
