1 0.142645 0.785447 0.207355 0.163906
1 0.329548 0.740502 0.186194 0.150169
1 0.519984 0.725695 0.191839 0.143821
1 0.818742 0.667219 0.218645 0.148053
1 0.953242 0.638452 0.093516 0.134317
1 0.931379 0.505732 0.137242 0.137485
1 0.898718 0.384111 0.190435 0.148053
1 0.816202 0.276245 0.180565 0.109976
1 0.719573 0.407908 0.190435 0.125852
1 0.789403 0.527938 0.194677 0.133241
1 0.634944 0.612539 0.190435 0.148053
1 0.096355 0.606723 0.192710 0.174486
1 0.260427 0.575526 0.180565 0.148053
1 0.440984 0.592449 0.191839 0.152273
1 0.381032 0.454970 0.210194 0.137485
1 0.570056 0.482999 0.184790 0.140653
1 0.149694 0.419015 0.198903 0.150169
1 0.400782 0.329123 0.196081 0.137473
1 0.583452 0.312201 0.180548 0.137485
