2 0.157430 0.769746 0.254627 0.325313
2 0.397167 0.711973 0.224143 0.304023
2 0.601625 0.624668 0.213441 0.296836
2 0.826633 0.648594 0.225944 0.282500
2 0.875944 0.460820 0.191859 0.222695
2 0.938419 0.371152 0.123163 0.210664
2 0.684078 0.444072 0.184700 0.217910
2 0.463521 0.471572 0.184700 0.229863
2 0.274348 0.514629 0.204422 0.253789
2 0.294056 0.330449 0.179327 0.220312
2 0.409729 0.233574 0.156003 0.203555
2 0.519107 0.151045 0.141669 0.196387
2 0.626698 0.235957 0.148829 0.203555
2 0.540622 0.335234 0.163177 0.201172
2 0.767460 0.311309 0.161391 0.215508
